//------------------------------------------------------------------------------
//
// Sistema de Informações Hidrológicas
// Versão Web 3.0
// © 2001 Agência Nacional de Águas (ANA)
//
// NivelConsistencia: 1 = Bruto, 2 = Consistido
// TipoMedicaoChuvas: 1 = Pluviômetro, 2 = Pluviógrafo, 3 = Data logger
// Status: 0 = Branco, 1 = Real, 2 = Estimado, 3 = Duvidoso, 4 = Acumulado
//
// Restrições da consulta:
//   Código da Estação: 247008
//
//------------------------------------------------------------------------------

//EstacaoCodigo;NivelConsistencia;Data;TipoMedicaoChuvas;Maxima;Total;DiaMaxima7;NumDiasDeChuva;MaximaStatus;TotalStatus;NumDiasDeChuvaStatus;TotalAnual;TotalAnualStatus13;Chuva01;Chuva02;Chuva03;Chuva04;Chuva05;Chuva06;Chuva07;Chuva08;Chuva09;Chuva10;Chuva11;Chuva12;Chuva13;Chuva14;Chuva15;Chuva16;Chuva17;Chuva18;Chuva19;Chuva20;Chuva21;Chuva22;Chuva23;Chuva24;Chuva25;Chuva26;Chuva27;Chuva28;Chuva29;Chuva30;Chuva31;Chuva01Status;Chuva02Status;Chuva03Status;Chuva04Status;Chuva05Status;Chuva06Status;Chuva07Status;Chuva08Status;Chuva09Status;Chuva10Status;Chuva11Status;Chuva12Status;Chuva13Status;Chuva14Status;Chuva15Status;Chuva16Status;Chuva17Status;Chuva18Status;Chuva19Status;Chuva20Status;Chuva21Status;Chuva22Status;Chuva23Status;Chuva24Status;Chuva25Status;Chuva26Status;Chuva27Status;Chuva28Status;Chuva29Status;Chuva30Status;Chuva31Status;
00247008;1;01/01/1995;1;63,2;386,3;11;23;1;1;0;2821;1;15,7;0;0;2,7;38,1;21,7;0;32,3;7,6;38,9;63,2;5,1;0;15,1;0;4,1;12,9;5,7;2,9;0;15,7;11,3;0;2,6;11,8;5,1;32;3,9;6,9;31;0;1;1;1;1;1;1;1;1;1;1;1;1;1;1;1;1;1;1;1;1;1;1;1;1;1;1;1;1;1;1;1;
00247008;1;01/02/1995;1;70;595,8;8;23;1;1;0;2821;1;4,6;31,6;5,1;57,4;9,2;0;7,9;70;47,8;43;50,4;31;21,1;6,3;0;4,6;22,8;10,1;20,9;0;15,1;18,7;43,7;44;4,5;0;0;26;;;;1;1;1;1;1;1;1;1;1;1;1;1;1;1;1;1;1;1;1;1;1;1;1;1;1;1;1;1;0;0;0;
00247008;1;01/03/1995;1;37,7;414,3;24;23;1;1;0;2821;1;1;4,2;26,1;7,2;11,3;0;14;35,7;3,9;12,7;0;0;0;13,9;15,2;0;29,4;0;12,1;30,7;0;28;15,3;37,7;0;12,2;7,1;32,3;34;25,7;4,6;1;1;1;1;1;1;1;1;1;1;1;1;1;1;1;1;1;1;1;1;1;1;1;1;1;1;1;1;1;1;1;
00247008;1;01/04/1995;1;140,7;473,8;10;28;1;1;0;2821;1;8,6;0;35,8;0,7;7;18,7;7,5;6,5;1,9;140,7;0;6,2;11,3;14,3;0,5;4,5;41,4;26,7;0,2;5,7;12,7;21,1;6,2;6,5;27;1,6;26,9;4,9;15,2;13,5;;1;1;1;1;1;1;1;1;1;1;1;1;1;1;1;1;1;1;1;1;1;1;1;1;1;1;1;1;1;1;0;
00247008;1;01/05/1995;1;80,6;446,2;21;23;1;1;0;2821;1;4,6;4,2;11,9;29,1;34,4;9,7;12,5;25,4;2,6;9,1;0;0;0;0;0;13,7;1,2;11,3;44;0;80,6;11,1;11;0;0,8;0;15,4;8;47,3;39,6;18,7;1;1;1;1;1;1;1;1;1;1;1;1;1;1;1;1;1;1;1;1;1;1;1;1;1;1;1;1;1;1;1;
00247008;1;01/06/1995;1;54,4;78,5;10;7;1;1;0;2821;1;6;0;0;0;0;0;0;0;0;54,4;0;0;0;1,8;0;0;0;1,5;0;2,9;0;4,8;0;0;0;0;0;7,1;0;0;;1;1;1;1;1;1;1;1;1;1;1;1;1;1;1;1;1;1;1;1;1;1;1;1;1;1;1;1;1;1;0;
00247008;1;01/07/1995;1;13,9;59,9;19;11;1;1;0;2821;1;0;7,8;3,7;3,2;3,4;0;0;0;1,2;11;0;0;0;0;0;1,2;2,8;0;13,9;1,3;0;0;0;0;0;0;10,4;0;0;0;0;1;1;1;1;1;1;1;1;1;1;1;1;1;1;1;1;1;1;1;1;1;1;1;1;1;1;1;1;1;1;1;
00247008;1;01/08/1995;1;21,6;57,7;15;7;1;1;0;2821;1;0;0;8,8;5,6;0;0;11,7;0;0;0;0;0;0;0;21,6;7,1;1,8;0;0;0;0;0;0;0;0;0;1,1;0;0;0;0;1;1;1;1;1;1;1;1;1;1;1;1;1;1;1;1;1;1;1;1;1;1;1;1;1;1;1;1;1;1;1;
00247008;1;01/09/1995;1;25,5;45,8;17;3;1;1;0;2821;1;0;0;0;0;0;0;0;0;0;0;0;5,9;0;0;0;0;25,5;0;0;0;0;0;0;0;0;14,4;0;0;0;0;;1;1;1;1;1;1;1;1;1;1;1;1;1;1;1;1;1;1;1;1;1;1;1;1;1;1;1;1;1;1;0;
00247008;1;01/10/1995;1;57,8;99,9;20;8;1;1;0;2821;1;0;0;3,8;0;1,8;0;0;0;0;0;0;0;0;0;0;0;0;0;3,3;57,8;0;2,6;0;0;0;0;0,9;0;0;5;24,7;1;1;1;1;1;1;1;1;1;1;1;1;1;1;1;1;1;1;1;1;1;1;1;1;1;1;1;1;1;1;1;
00247008;1;01/11/1995;1;12,3;24,9;18;6;1;1;0;2821;1;0;0;0;0;0;1;0;0;1,6;0;0;0;0;0;0;0;0;12,3;1,4;0;0;0;0;0;0;1,6;0;0;0;7;;1;1;1;1;1;1;1;1;1;1;1;1;1;1;1;1;1;1;1;1;1;1;1;1;1;1;1;1;1;1;0;
00247008;1;01/12/1995;1;26,6;137,9;11;8;1;1;0;2821;1;0;0;0;0;17,4;0;0;0;0;0;26,6;0;0;12,3;0;0;0;0;0;0;0;26;9,1;0;0;0;0;19,5;16,6;0;10,4;1;1;1;1;1;1;1;1;1;1;1;1;1;1;1;1;1;1;1;1;1;1;1;1;1;1;1;1;1;1;1;
00247008;1;01/01/1996;1;69,8;339,3;4;17;1;1;0;2768,7;1;0;0;32,7;69,8;0;3,5;0;3,7;0;0;24,3;17,5;43,7;3,3;0;0,8;0;16,5;14,1;0;9,3;0;1,3;58,7;0;24,4;0;8,9;6,8;0;0;1;1;1;1;1;1;1;1;1;1;1;1;1;1;1;1;1;1;1;1;1;1;1;1;1;1;1;1;1;1;1;
00247008;1;01/02/1996;1;84,2;308,7;19;22;1;1;0;2768,7;1;6,1;7,9;0;0;16,4;4,6;8,9;8,6;0;2,7;2,8;0;0;0,4;4,9;12,1;32,6;7,8;84,2;3,6;11,3;46,7;0;4,1;0;8,4;1,9;31,8;0,9;;;1;1;1;1;1;1;1;1;1;1;1;1;1;1;1;1;1;1;1;1;1;1;1;1;1;1;1;1;1;0;0;
00247008;1;01/03/1996;1;140;544,2;22;25;1;1;0;2768,7;1;36,1;9,1;5,9;35,7;16,5;3,8;5,3;0;0;0;22,1;15,3;11,9;2,1;35,3;26,1;32,1;16,2;0,6;70,5;6,2;140;0;2,4;6,8;3;28,2;0;0;2,3;10,7;1;1;1;1;1;1;1;1;1;1;1;1;1;1;1;1;1;1;1;1;1;1;1;1;1;1;1;1;1;1;1;
00247008;1;01/04/1996;1;146,2;671,5;13;18;1;1;0;2768,7;1;33,9;0;0;11,4;4,4;0;21,1;20,2;39,2;0;0;15,4;146,2;0;0;27,1;29,4;33,6;24,3;35,6;0;0;18,3;6;0;141,3;0;61,6;0;2,5;;1;1;1;1;1;1;1;1;1;1;1;1;1;1;1;1;1;1;1;1;1;1;1;1;1;1;1;1;1;1;0;
00247008;1;01/05/1996;1;48,8;365,9;27;20;1;1;0;2768,7;1;2,6;41,7;0,2;46,3;39,6;21,7;24,3;16,3;0;19,3;26,9;0;12,1;0;0;0;1,1;0;11;0;7,6;0;0;2,8;0;1,5;48,8;4,6;0;9;28,5;1;1;1;1;1;1;1;1;1;1;1;1;1;1;1;1;1;1;1;1;1;1;1;1;1;1;1;1;1;1;1;
00247008;1;01/06/1996;1;24,8;55,4;20;8;1;1;0;2768,7;1;0;18,3;0;3,8;0;2,1;0;0;0;1,1;0;0;0;0;0;0;0;0;0;24,8;2;0;0;2,7;0;0,6;0;0;0;0;;1;1;1;1;1;1;1;1;1;1;1;1;1;1;1;1;1;1;1;1;1;1;1;1;1;1;1;1;1;1;0;
00247008;1;01/07/1996;1;16,4;43,6;1;9;1;1;0;2768,7;1;16,4;2,1;0;0;0;0;0;0;0;0;0;2,9;0;3,1;2,1;5,6;0;0;0;0;0;7,9;0;1,5;0;0;0;0;0;0;2;1;1;1;1;1;1;1;1;1;1;1;1;1;1;1;1;1;1;1;1;1;1;1;1;1;1;1;1;1;1;1;
00247008;1;01/08/1996;1;26,5;97,7;21;12;1;1;0;2768,7;1;0;0;0;0;4,1;0,8;0;0,8;0;9,6;0;0;0;14,3;10,9;0;0;16,1;0,6;0;26,5;0;5,2;0;0;0,7;0;0;0;8,1;0;1;1;1;1;1;1;1;1;1;1;1;1;1;1;1;1;1;1;1;1;1;1;1;1;1;1;1;1;1;1;1;
00247008;1;01/09/1996;1;10,4;62;19;11;1;1;0;2768,7;1;1,8;0;0;0;7,4;0;0;0;1,8;8,8;0;0;0;0;10,2;0;0;0;10,4;0,3;0;0;0;2,6;0,3;0;8,1;10,3;0;0;;1;1;1;1;1;1;1;1;1;1;1;1;1;1;1;1;1;1;1;1;1;1;1;1;1;1;1;1;1;1;0;
00247008;1;01/10/1996;1;18,4;46,6;8;8;1;1;0;2768,7;1;0;1,4;13,2;0;0;0;1,6;18,4;0;0;0;0,8;0;0;0;0;0;0;0;0;3,7;0;0;0;0;0;1,8;0;0;0;5,7;1;1;1;1;1;1;1;1;1;1;1;1;1;1;1;1;1;1;1;1;1;1;1;1;1;1;1;1;1;1;1;
00247008;1;01/11/1996;1;41,9;76;13;9;1;1;0;2768,7;1;1,3;0;0,6;0;0;0;3,7;0;0;0;0;0;41,9;5,5;0,4;0;0;0;0;0;0;7,5;0;4,5;0;0;0;0;0;10,6;;1;1;1;1;1;1;1;1;1;1;1;1;1;1;1;1;1;1;1;1;1;1;1;1;1;1;1;1;1;1;0;
00247008;1;01/12/1996;1;109,3;157,8;12;14;1;1;0;2768,7;1;0;8,2;0;0;0;0;2,9;0;6,3;9,1;0;109,3;0;1,6;0;0;3,1;0,2;0;4,1;0;0,9;0;10,7;0;0;0;0,2;0,5;0,7;0;1;1;1;1;1;1;1;1;1;1;1;1;1;1;1;1;1;1;1;1;1;1;1;1;1;1;1;1;1;1;1;
00247008;1;01/01/1997;1;75,5;310,5;15;25;1;1;0;1865,7;1;22,2;2,8;10,2;2,5;1,1;27,1;0,2;6,2;0,8;0;1,5;8,6;6,7;19,2;75,5;9,2;0;2,1;0;2,8;0;0,9;0,4;9,8;1,2;11,6;10,8;0;0;3,5;73,6;1;1;1;1;1;1;1;1;1;1;1;1;1;1;1;1;1;1;1;1;1;1;1;1;1;1;1;1;1;1;1;
00247008;1;01/02/1997;1;23,1;169,1;15;22;1;1;0;1865,7;1;7,4;16,6;2,8;4,4;0;7,6;6,6;12,6;22,3;6,6;0;13,3;2,3;14,3;23,1;2,3;0;0;1,3;2,2;1,5;1,6;10,5;0;0,5;0;3,1;6,2;;;;1;1;1;1;1;1;1;1;1;1;1;1;1;1;1;1;1;1;1;1;1;1;1;1;1;1;1;1;0;0;0;
00247008;1;01/03/1997;1;62,6;380;17;23;1;1;0;1865,7;1;6,2;0;59,6;0;10,5;1,2;0;1,1;9,1;0;10,6;0;10,8;1,8;31,2;8,2;62,6;0;21,6;0,5;0,9;7,6;0;4,4;32,9;0;33,5;47,2;3,2;9,8;5,5;1;1;1;1;1;1;1;1;1;1;1;1;1;1;1;1;1;1;1;1;1;1;1;1;1;1;1;1;1;1;1;
00247008;1;01/04/1997;1;56,3;346,3;13;22;1;1;0;1865,7;1;2,9;3,2;9,9;0;9,8;4,7;6,7;6,5;40,4;16,9;2,6;31,9;56,3;6,3;0;0,8;0;0;4,6;0;0;0,2;14,5;0;51,4;42,6;0;10,7;19,5;3,9;;1;1;1;1;1;1;1;1;1;1;1;1;1;1;1;1;1;1;1;1;1;1;1;1;1;1;1;1;1;1;0;
00247008;1;01/05/1997;1;53,1;266,6;13;19;1;1;0;1865,7;1;6,1;20,8;15,6;10,8;16,5;13,4;1,7;8,1;26,3;0;0;5,1;53,1;0;1,3;4,8;23,1;0;0;0;5,1;0;0;0;4,3;7,3;7,1;36,1;0;0;0;1;1;1;1;1;1;1;1;1;1;1;1;1;1;1;1;1;1;1;1;1;1;1;1;1;1;1;1;1;1;1;
00247008;1;01/06/1997;1;8,1;18,8;28;5;1;1;0;1865,7;1;0;0;0;1,2;0;0;0;0;0;0;0;7,1;0,1;0;0;0;0;0;0;0;0;0;2,3;0;0;0;0;8,1;0;0;;1;1;1;1;1;1;1;1;1;1;1;1;1;1;1;1;1;1;1;1;1;1;1;1;1;1;1;1;1;1;0;
00247008;1;01/07/1997;1;37,7;45,7;3;5;1;1;0;1865,7;1;0;0;37,7;0;0;0;0;0;1,1;0;0;0;0;0;4,2;0,5;0;0;0;0;2,2;0;0;0;0;0;0;0;0;0;0;1;1;1;1;1;1;1;1;1;1;1;1;1;1;1;1;1;1;1;1;1;1;1;1;1;1;1;1;1;1;1;
00247008;1;01/08/1997;1;22,6;70,3;10;7;1;1;0;1865,7;1;0;0;0;13,3;0;0;0;0;12,6;22,6;11,2;7,6;0;0;0;0;0;0;0;0;0;0;0;0;0;0;0;0;0;0,6;2,4;1;1;1;1;1;1;1;1;1;1;1;1;1;1;1;1;1;1;1;1;1;1;1;1;1;1;1;1;1;1;1;
00247008;1;01/09/1997;1;1,2;2,4;8;3;1;1;0;1865,7;1;0;0;0;0;0;0;0;1,2;0;0;0;0;0;0;0;0;0;0;0;1,1;0;0;0,1;0;0;0;0;0;0;0;;1;1;1;1;1;1;1;1;1;1;1;1;1;1;1;1;1;1;1;1;1;1;1;1;1;1;1;1;1;1;0;
00247008;1;01/10/1997;1;9,1;13;21;3;1;1;0;1865,7;1;0;0;0;0;0;0;0;2,1;0;0;0;0;0;0;0;0;0;0;0;0;9,1;1,8;0;0;0;0;0;0;0;0;0;1;1;1;1;1;1;1;1;1;1;1;1;1;1;1;1;1;1;1;1;1;1;1;1;1;1;1;1;1;1;1;
00247008;1;01/11/1997;1;34,5;132,7;22;8;1;1;0;1865,7;1;0;0;0;3,8;0;0;0;16,9;21,5;0;0;0;0;21,1;0;0;28,2;0;5,9;0;0;34,5;0;0;0,8;0;0;0;0;0;;1;1;1;1;1;1;1;1;1;1;1;1;1;1;1;1;1;1;1;1;1;1;1;1;1;1;1;1;1;1;0;
00247008;1;01/12/1997;1;28,4;110,3;23;13;1;1;0;1865,7;1;0;0;1,8;0;0;0;0;0;0;0;0;6,8;0;0;0;2,4;15,3;8,8;11,8;21,4;0;0;28,4;2,8;1,1;0;1,2;2,4;0;6,1;0;1;1;1;1;1;1;1;1;1;1;1;1;1;1;1;1;1;1;1;1;1;1;1;1;1;1;1;1;1;1;1;
00247008;1;01/01/1998;1;71,4;460,8;17;24;1;1;0;2433,9;1;5,2;3,4;0;26,8;0;0;0;45,5;26,5;66,5;6,5;1,5;0;22,2;2,1;3,1;71,4;10,1;12,8;13,3;5,6;13,6;33,3;1,6;44,2;4,5;14,5;0;0;4,4;22,2;1;1;1;1;1;1;1;1;1;1;1;1;1;1;1;1;1;1;1;1;1;1;1;1;1;1;1;1;1;1;1;
00247008;1;01/02/1998;1;27,6;139,1;20;16;1;1;0;2433,9;1;5,6;11,8;0;8,2;0;0;0;0;7,4;0;0;1,7;0;0;4,2;0;6,7;4,8;6,7;27,6;5,1;11,3;0;0;8,2;1,6;13,1;15,1;;;;1;1;1;1;1;1;1;1;1;1;1;1;1;1;1;1;1;1;1;1;1;1;1;1;1;1;1;1;0;0;0;
00247008;1;01/03/1998;1;55,2;455,2;10;26;1;1;0;2433,9;1;22,3;0;4,4;11,8;17,8;0;10,7;28,8;4,4;55,2;0;0,2;7,3;4,1;4,8;11,5;52,6;18,2;44,6;27,8;8,3;18,8;29,8;0;10,4;3,8;0;7,6;9,1;11,8;29,1;1;1;1;1;1;1;1;1;1;1;1;1;1;1;1;1;1;1;1;1;1;1;1;1;1;1;1;1;1;1;1;
00247008;1;01/04/1998;1;19,8;168,3;22;27;1;1;0;2433,9;1;0,9;2,9;2,7;0,6;14,4;1,1;0,5;0;0;10,8;0;14,5;13,9;4,4;3,2;10,8;5,1;4,8;3,4;5,9;6,5;19,8;13,4;1,5;7,8;2,7;3,3;2,3;4,9;6,2;;1;1;1;1;1;1;1;1;1;1;1;1;1;1;1;1;1;1;1;1;1;1;1;1;1;1;1;1;1;1;0;
00247008;1;01/05/1998;1;36,4;240,5;12;23;1;1;0;2433,9;1;0;0;10,5;10,8;1,3;0;25,1;0,5;0;6,8;10,3;36,4;0,2;0;2,2;22,2;31,3;11,1;0;23,9;0,2;7,8;3,8;7,6;0;6,7;0,8;0,6;0;10,3;10,1;1;1;1;1;1;1;1;1;1;1;1;1;1;1;1;1;1;1;1;1;1;1;1;1;1;1;1;1;1;1;1;
00247008;1;01/06/1998;1;27,3;119,4;28;17;1;1;0;2433,9;1;10,2;15,1;2,1;0;0;0;0;0;5,1;0,2;0;9,7;4,4;7,9;5,8;8,4;3,3;4,6;12,6;1,1;0;0;0,5;0;0;0;1,1;27,3;0;0;;1;1;1;1;1;1;1;1;1;1;1;1;1;1;1;1;1;1;1;1;1;1;1;1;1;1;1;1;1;1;0;
00247008;1;01/07/1998;1;31,9;69,6;19;13;1;1;0;2433,9;1;0;0;0;2,4;0;0;6,6;0,4;12,8;0,3;6,6;0;0;0;0,6;0,7;0;0;31,9;0;1,1;0;0;0;0;0;0;0;5,1;0,5;0,6;1;1;1;1;1;1;1;1;1;1;1;1;1;1;1;1;1;1;1;1;1;1;1;1;1;1;1;1;1;1;1;
00247008;1;01/08/1998;1;33,9;74,6;12;7;1;1;0;2433,9;1;0,6;0,3;0;0;0;0;0;0;0;0;0;33,9;0;3,9;0;4,3;0;0;0;2,9;0;0;0;0;0;0;0;28,7;0;0;0;1;1;1;1;1;1;1;1;1;1;1;1;1;1;1;1;1;1;1;1;1;1;1;1;1;1;1;1;1;1;1;
00247008;1;01/09/1998;1;27,1;46,5;17;6;1;1;0;2433,9;1;5,5;0;0,5;0;0;0;3,2;0;0;0;0;8,5;0;0;0;0;27,1;0;0;0;0;0;0;0;1,7;0;0;0;0;0;;1;1;1;1;1;1;1;1;1;1;1;1;1;1;1;1;1;1;1;1;1;1;1;1;1;1;1;1;1;1;0;
00247008;1;01/10/1998;1;47,5;48,6;12;3;1;1;0;2433,9;1;0;0;0;0;0;0;0;0;0;0;0;47,5;0;0;0;0;0;0,6;0;0;0,5;0;0;0;0;0;0;0;0;0;0;1;1;1;1;1;1;1;1;1;1;1;1;1;1;1;1;1;1;1;1;1;1;1;1;1;1;1;1;1;1;1;
00247008;1;01/11/1998;1;91,7;292,4;25;11;1;1;0;2433,9;1;8,2;42,2;0;0;0;0;0;0;15,2;1,2;0;0;0;0;19,2;0;0;0;0;0;4,2;0;21,5;0;91,7;61,1;0;15,3;12,6;0;;1;1;1;1;1;1;1;1;1;1;1;1;1;1;1;1;1;1;1;1;1;1;1;1;1;1;1;1;1;1;0;
00247008;1;01/12/1998;1;55,5;318,9;21;17;1;1;0;2433,9;1;3,3;0;0;0;0;0;11,4;0;0;0,2;0;0;0;1,2;38,8;4,5;0;0;0;22,2;55,5;2,7;19,1;0;9,9;26,2;16,8;42,2;41,9;0,8;22,2;1;1;1;1;1;1;1;1;1;1;1;1;1;1;1;1;1;1;1;1;1;1;1;1;1;1;1;1;1;1;1;
00247008;1;01/01/1999;1;91,9;398,3;12;22;1;1;0;3224,7;1;0;0;0;0;0;1,3;12,5;22,6;2,1;10,5;6,6;91,9;0;10,6;62,7;27,6;0;7,7;22,1;41,3;0;19,2;9,7;6,4;2,1;1,1;9,7;11,9;0;14,1;4,6;1;1;1;1;1;1;1;1;1;1;1;1;1;1;1;1;1;1;1;1;1;1;1;1;1;1;1;1;1;1;1;
00247008;1;01/02/1999;1;98,9;500,1;4;23;1;1;0;3224,7;1;0;0;85,9;98,9;2,7;4,5;23,3;0,3;0;18,3;11,1;19,5;28,9;11,7;0;41,3;22,4;31,2;0;2,2;0,4;2,6;31,9;6,4;18,6;10,5;12,9;14,6;;;;1;1;1;1;1;1;1;1;1;1;1;1;1;1;1;1;1;1;1;1;1;1;1;1;1;1;1;1;0;0;0;
00247008;1;01/03/1999;1;98,8;611,3;3;31;1;1;0;3224,7;1;8,6;46,3;98,8;38,2;28,6;4,6;79,5;7,6;11,3;19,1;1,6;5,8;9,3;12,2;2,9;0,5;29,5;11,2;3,7;32,2;14,3;0,3;1,5;1,7;57,8;0,3;33,8;8,3;9,6;31,3;0,9;1;1;1;1;1;1;1;1;1;1;1;1;1;1;1;1;1;1;1;1;1;1;1;1;1;1;1;1;1;1;1;
00247008;1;01/04/1999;1;75,9;484,7;28;28;1;1;0;3224,7;1;38,8;8,2;8,1;16,4;4,7;23,8;0;6,2;6,9;22,7;6,5;23,6;7,3;17,4;6,6;8,8;11,5;16,1;0,8;17,6;19,4;22,8;4,9;32,9;6,2;0,3;39,1;75,9;31,2;0;;1;1;1;1;1;1;1;1;1;1;1;1;1;1;1;1;1;1;1;1;1;1;1;1;1;1;1;1;1;1;0;
00247008;1;01/05/1999;1;81,5;494;19;27;1;1;0;3224,7;1;16,2;57,6;25,1;12,9;11,4;18,2;9,3;7,7;15,6;9,5;53,7;22,3;3,4;24,4;3,1;23,9;4,2;7,9;81,5;6,9;0;3,6;23,6;7,9;23,5;1,3;15,5;0;3,8;0;0;1;1;1;1;1;1;1;1;1;1;1;1;1;1;1;1;1;1;1;1;1;1;1;1;1;1;1;1;1;1;1;
00247008;1;01/06/1999;1;19,7;101,9;12;16;1;1;0;3224,7;1;0;12,1;0,2;0;6,6;4,2;8,2;1,5;1,3;0;2,1;19,7;3,5;0;0;0;0;0;5,8;0;1,1;0;7,6;1,4;0;0;7,9;18,7;0;0;;1;1;1;1;1;1;1;1;1;1;1;1;1;1;1;1;1;1;1;1;1;1;1;1;1;1;1;1;1;1;0;
00247008;1;01/07/1999;1;14,4;52,5;20;10;1;1;0;3224,7;1;8,2;0;0,6;0;0;0,5;0;0;4,7;0;0;0;0;0;0;0;0,6;0;6,6;14,4;0;0;0;0;0;3,5;0,8;0;12,6;0;0;1;1;1;1;1;1;1;1;1;1;1;1;1;1;1;1;1;1;1;1;1;1;1;1;1;1;1;1;1;1;1;
00247008;1;01/08/1999;1;10,5;24,4;6;6;1;1;0;3224,7;1;0;0;0;0;0,2;10,5;0;0;0;0;0;0;0;0;0;0;5,1;2,5;0;0;0;0;0;0;0;0;1,8;4,3;0;0;0;1;1;1;1;1;1;1;1;1;1;1;1;1;1;1;1;1;1;1;1;1;1;1;1;1;1;1;1;1;1;1;
00247008;1;01/09/1999;1;44,2;176,4;20;10;1;1;0;3224,7;1;3,3;0;0;0;0;0;0;0;0;0;0;0;0;15,9;0;19,6;0;0;13,3;44,2;27,9;15,3;15,1;0;0;9,1;0;12,7;0;0;;1;1;1;1;1;1;1;1;1;1;1;1;1;1;1;1;1;1;1;1;1;1;1;1;1;1;1;1;1;1;0;
00247008;1;01/10/1999;1;21,7;66,6;26;11;1;1;0;3224,7;1;0;0;0;5,1;0,3;0;0;0;0;0;0;3,8;0;0;0,2;1,9;7,5;0;0;0;0;4,6;11,1;0;0;21,7;6,5;0;0;0;3,9;1;1;1;1;1;1;1;1;1;1;1;1;1;1;1;1;1;1;1;1;1;1;1;1;1;1;1;1;1;1;1;
00247008;1;01/11/1999;1;36,3;144,1;29;10;1;1;0;3224,7;1;4,2;25,2;0;0;0;0;0;0;0;0;0;0;1,6;0;10,9;2,8;0;0;0;5,9;0;0;0;0;0;0;13,3;33,4;36,3;10,5;;1;1;1;1;1;1;1;1;1;1;1;1;1;1;1;1;1;1;1;1;1;1;1;1;1;1;1;1;1;1;0;
00247008;1;01/12/1999;1;44,3;170,4;19;15;1;1;0;3224,7;1;0;0;0;5,2;1,7;0;0;0;0;9,8;5,5;36,9;0,4;0;0;0;0;22,3;44,3;0;0;0;3,5;0,4;0;0;6,7;6,6;1,7;4,1;21,3;1;1;1;1;1;1;1;1;1;1;1;1;1;1;1;1;1;1;1;1;1;1;1;1;1;1;1;1;1;1;1;
00247008;1;01/01/2000;1;54,7;337,8;7;23;1;1;0;;0;0;36,1;0,5;0,8;2,2;0;54,7;22,2;24,2;0;21,7;21,8;28,2;2,3;41,1;2,4;2,5;14,3;14,7;4,8;8,5;17,6;8,5;2,7;3,9;0;0;0;2,1;0;0;1;1;1;1;1;1;1;1;1;1;1;1;1;1;1;1;1;1;1;1;1;1;1;1;1;1;1;1;1;1;1;
00247008;1;01/02/2000;1;42,4;278,9;28;23;1;1;0;;0;3,5;34,2;23,7;0;3,7;3,9;0;31,4;11,2;8,9;1,6;2,2;3,8;22,7;22,3;0;0;2,7;3,2;0;2,4;4,3;2,2;1,9;0;12,3;3,8;42,4;30,6;;;1;1;1;1;1;1;1;1;1;1;1;1;1;1;1;1;1;1;1;1;1;1;1;1;1;1;1;1;1;0;0;
00247008;1;01/03/2000;1;57,5;336,4;13;28;1;1;0;;0;13,8;0;2;29;2,1;35,5;32,2;7,9;0,3;19;1,5;0;57,5;16,5;25,6;5,2;0,8;8,9;1,9;5,6;0,8;13,1;2,8;4,4;3,4;9,6;5,5;22,9;0,2;8,4;0;1;1;1;1;1;1;1;1;1;1;1;1;1;1;1;1;1;1;1;1;1;1;1;1;1;1;1;1;1;1;1;
00247008;1;01/04/2000;1;63,1;363,9;16;26;1;1;0;;0;9,5;7,4;10,5;27,4;18,5;7,2;30,5;7,4;24,4;3,2;35;14,2;12;0,1;0;63,1;0;7,8;18,5;5,6;13,4;16,2;9,7;5,9;4,1;0;2,1;4;0;6,2;;1;1;1;1;1;1;1;1;1;1;1;1;1;1;1;1;1;1;1;1;1;1;1;1;1;1;1;1;1;1;0;
00247008;1;01/05/2000;1;40,4;297,6;18;25;1;1;0;;0;15,7;1,8;5,1;8,8;5,5;12,9;6,9;10,5;11,2;2,1;2,4;5,2;34,7;14;34;31,3;4,8;40,4;17,6;0;1,7;9,8;0;11,3;0,4;0;0;1,7;0;0;7,8;1;1;1;1;1;1;1;1;1;1;1;1;1;1;1;1;1;1;1;1;1;1;1;1;1;1;1;1;1;1;1;
00247008;1;01/06/2000;1;37,2;154,3;2;18;1;1;0;;0;3,7;37,2;0;3,1;0,3;0;0;0;29,2;0;0;0;14,6;0;10,7;0,6;14;0,9;11,6;12,7;0;2,1;0,3;1,1;5,7;0;0;0;2,8;3,7;;1;1;1;1;1;1;1;1;1;1;1;1;1;1;1;1;1;1;1;1;1;1;1;1;1;1;1;1;1;1;0;
00247008;1;01/07/2000;1;53,7;218,3;28;22;1;1;0;;0;0,5;0,4;0,3;21;0,2;5,4;0;0,9;0;0,8;6;5,7;7,9;0;46,3;2,3;0;0,1;0,2;26,7;0;4,1;4,6;0;0;0;0;53,7;6,7;24,4;0,1;1;1;1;1;1;1;1;1;1;1;1;1;1;1;1;1;1;1;1;1;1;1;1;1;1;1;1;1;1;1;1;
00247008;1;01/08/2000;1;34,8;97,4;4;11;1;1;0;;0;0;0;0,9;34,8;17,3;0;0;2,4;7,4;0;0;0;0;0;0;14,5;0;5,3;5,6;0;1,2;3,1;0;0;4,9;0;0;0;0;0;0;1;1;1;1;1;1;1;1;1;1;1;1;1;1;1;1;1;1;1;1;1;1;1;1;1;1;1;1;1;1;1;
00247008;1;01/09/2000;1;39,3;137,7;20;11;1;1;0;;0;0;0;0;0;0;0;0;0;0;16,5;0;0;0;23,1;0,8;0;0;0;0;39,3;0;2,3;0;1,2;0;32,1;3;8,2;2,5;8,7;;1;1;1;1;1;1;1;1;1;1;1;1;1;1;1;1;1;1;1;1;1;1;1;1;1;1;1;1;1;1;0;
00247008;1;01/10/2000;1;27,1;45,8;18;9;1;1;0;;0;0,4;0;2,1;0;3,6;0,7;0;1,1;0;0;0;0;2,1;0;0;0;3,6;27,1;5,1;0;0;0;0;0;0;0;0;0;0;0;0;1;1;1;1;1;1;1;1;1;1;1;1;1;1;1;1;1;1;1;1;1;1;1;1;1;1;1;1;1;1;1;
00247008;1;01/11/2000;1;25,5;26,2;11;3;1;1;1;;0;0;0;0;0;0,4;0;0;0;0;0;25,5;0;0;0;0;0;0;0;0;0;0;0,3;0;0;0;0;0;0;0;0;;1;1;1;1;1;1;1;1;1;1;1;1;1;1;1;1;1;1;1;1;1;1;1;1;1;1;1;1;1;1;0;
00247008;1;01/12/2000;1;31,2;202,4;24;14;1;1;1;;0;0;0;0;0;0;0;0;0;0;0;0;0;0;9,8;13,2;23,2;14,2;26,3;0,4;0,3;0;15,5;18,6;31,2;0;2,3;0;21,3;0,8;0;25,3;1;1;1;1;1;1;1;1;1;1;1;1;1;1;1;1;1;1;1;1;1;1;1;1;1;1;1;1;1;1;1;
00247008;1;01/01/2001;1;64;556,4;13;27;1;1;1;;0;9,8;0,3;0,8;9,5;61,5;53;0;2,5;7,3;16,7;25,6;11,2;64;9,7;0;17,1;26,4;11,2;41,5;0;38,5;47,8;15,8;5,3;10;3,1;36,5;0;9,7;10,3;11,3;1;1;1;1;1;1;1;1;1;1;1;1;1;1;1;1;1;1;1;1;1;1;1;1;1;1;1;1;1;1;1;
00247008;1;01/02/2001;1;99,6;579,6;16;24;1;1;1;;0;2,3;36,2;9,5;26,4;6,1;42;11,9;5;2,8;35,7;96;12,1;42,4;26,1;0;99,6;29,8;0;7;32,4;14,1;0,8;2,6;2,3;26,3;10,2;0;0;;;;1;1;1;1;1;1;1;1;1;1;1;1;1;1;1;1;1;1;1;1;1;1;1;1;1;1;1;1;0;0;0;
00247008;1;01/03/2001;1;83,9;571,7;2;27;1;1;1;;0;21,5;83,9;42,7;11,8;18,2;21,4;8,7;12,6;1,8;21,3;10,5;0;57,5;21,7;0,8;1,4;45,7;0;5,3;0;36,2;0;5,4;19,8;4,5;8,9;21,3;28;1,4;58,6;0,8;1;1;1;1;1;1;1;1;1;1;1;1;1;1;1;1;1;1;1;1;1;1;1;1;1;1;1;1;1;1;1;
00247008;1;01/04/2001;1;73,6;547,1;3;24;1;1;1;;0;2,4;73;73,6;43,1;8,3;22,5;5,6;32;16,9;22,7;12,7;5,3;0;15,1;22,6;32,3;0;10,3;5,1;0;37,7;0;38,2;0,2;3,4;0;0;56,5;4,1;3,5;;1;1;1;1;1;1;1;1;1;1;1;1;1;1;1;1;1;1;1;1;1;1;1;1;1;1;1;1;1;1;0;
00247008;1;01/05/2001;1;52,3;286,1;5;19;1;1;1;;0;27,3;3,9;11,6;4,5;52,3;32,1;5,6;0,7;0;0;44,1;16,5;5,6;0,1;0;10,4;0;0;8,2;0;0;0;6,3;0;5,8;15,3;21,4;0;0;14,4;0;1;1;1;1;1;1;1;1;1;1;1;1;1;1;1;1;1;1;1;1;1;1;1;1;1;1;1;1;1;1;1;
00247008;1;01/06/2001;1;57,9;307,9;15;26;1;1;1;;0;27,3;4,1;6,2;2,3;23,5;16,8;13,1;2,6;8,5;0,9;14,5;0;0;4,3;57,9;4,2;0,1;0;2,4;1,1;0,1;0;3,9;55,8;7,4;6,7;0,8;3,6;26,7;13,1;;1;1;1;1;1;1;1;1;1;1;1;1;1;1;1;1;1;1;1;1;1;1;1;1;1;1;1;1;1;1;0;
00247008;1;01/07/2001;1;36,2;161,9;15;20;1;1;1;;0;0;1,3;2,5;18,9;2,7;0;0;0;0;2,8;0;5,3;0;3,1;36,2;5,3;7,1;3,2;6,4;0;3,1;25,3;16,1;0,2;6,2;4,1;0;5,3;0;0;6,8;1;1;1;1;1;1;1;1;1;1;1;1;1;1;1;1;1;1;1;1;1;1;1;1;1;1;1;1;1;1;1;
00247008;1;01/06/2002;1;1,8;1,8;28;1;1;1;1;;0;;;;;;;;;;;;;;;;;;;;;;;;;;;;1,8;0;0;;0;0;0;0;0;0;0;0;0;0;0;0;0;0;0;0;0;0;0;0;0;0;0;0;0;0;0;4;1;1;0;
00247008;1;01/07/2002;1;7,8;36,8;25;15;1;1;1;;0;0,9;1;2,4;0;0;0;0;0;0;0;0;3,3;2,1;1;1;0,2;0,3;0;0,4;0;3,8;0;0;0;7,8;1,2;0;0;7,8;3,6;0;1;1;1;1;1;1;1;1;1;1;1;1;1;1;1;1;1;1;1;1;1;1;1;1;1;1;1;1;1;1;1;
00247008;1;01/08/2002;1;6;17,9;5;10;1;1;1;;0;0;0,4;0;0,3;6;0;0;0;0;0;2,4;0;0;0;0;0;0;0,1;0;0;0,6;0,6;0;5,1;0;0;0;2,2;0,2;0;0;1;1;1;1;1;1;1;1;1;1;1;1;1;1;1;1;1;1;1;1;1;1;1;1;1;1;1;1;1;1;1;
00247008;1;01/09/2002;1;5,5;13,6;6;7;1;1;1;;0;0;0;0;0;1;5,5;0,6;0;0;0;0;0;0;1,2;0;0;0;0;3,1;0,2;0;0;0;0;0;0;0;0;0;2;;1;1;1;1;1;1;1;1;1;1;1;1;1;1;1;1;1;1;1;1;1;1;1;1;1;1;1;1;1;1;0;
00247008;1;01/10/2002;1;8;23,7;2;7;1;1;1;;0;0;8;0;0;0;0;0,3;0;0,3;0;0;2,3;3,6;4,4;0;0;0;0;4,8;0;0;0;0;0;0;0;0;0;0;0;0;1;1;1;1;1;1;1;1;1;1;1;1;1;1;1;1;1;1;1;1;1;1;1;1;1;1;1;1;1;1;1;
00247008;1;01/11/2002;1;6,7;24,3;12;9;1;1;1;;0;0;0;0;0;0;0;0;0;2,5;1;1;6,7;0;1;1;2,4;0;4;0;0;0;0;0;0;0;4,7;0;0;0;0;;1;1;1;1;1;1;1;1;1;1;1;1;1;1;1;1;1;1;1;1;1;1;1;1;1;1;1;1;1;1;0;
00247008;1;01/12/2002;1;8,7;40,7;27;17;1;1;1;;0;0;0;0;0,4;0;0;0;1,4;0;1,4;7,4;1,6;0;0;2,7;0,3;0;1;1;8;0;1,3;1;0,2;1;1;8,7;0;0;0;2,3;1;1;1;1;1;1;1;1;1;1;1;1;1;1;1;1;1;1;1;1;1;1;1;1;1;1;1;1;1;1;1;
00247008;1;01/01/2003;1;9;46,7;25;18;1;1;1;;0;0;0;0,4;1,8;0;0;0;0;1,7;0,4;8,8;0;0;0;0;0;0;0,4;1,4;1;1;2,7;0,9;6,6;9;0,3;0;1;1;0,5;7,8;1;1;1;1;1;1;1;1;1;1;1;1;1;1;1;1;1;1;1;1;1;1;1;1;1;1;1;1;1;1;1;
00247008;1;01/02/2003;1;9,8;80,9;2;28;1;1;1;;0;1;9,8;1;1;8,7;1,6;3,2;5,8;1;2;1;1;1;8;0,1;2,1;6;1;7,1;1;1,6;1;1;6,9;2,6;2,4;1;1;;;;1;1;1;1;1;1;1;1;1;1;1;1;1;1;1;1;1;1;1;1;1;1;1;1;1;1;1;1;0;0;0;
00247008;1;01/03/2003;1;50,7;319,7;31;16;1;1;1;;0;;;;;;;;;;;;;;;;21,1;13,7;5,6;27,7;0,3;36,6;1,1;48,6;0,6;1,9;2,8;30,2;7,5;40,7;30,6;50,7;0;0;0;0;0;0;0;0;0;0;0;0;0;0;0;4;1;1;1;1;1;1;1;1;1;1;1;1;1;1;1;
00247008;1;01/04/2003;1;60,5;440,5;5;29;1;1;1;;0;2,1;4,3;9,6;40,4;60,5;30,4;4,6;2,8;1,2;38,1;26,6;0,4;4,7;30,5;6,3;6,7;0;3,8;4,2;5,5;26,6;4,6;2,5;6;4,2;36,8;50,3;22,6;2,4;1,8;;1;1;1;1;1;1;1;1;1;1;1;1;1;1;1;1;1;1;1;1;1;1;1;1;1;1;1;1;1;1;0;
00247008;1;01/05/2003;1;62,2;418;17;27;1;1;1;;0;22,3;56,3;22,6;42,1;39,2;23,2;1,3;0;3,2;27,2;32,6;3;1,2;0,7;0,3;32,4;62,2;4,2;0;3,1;1,4;3,1;0,5;0;1,5;23,1;9,3;0,1;0;1,5;0,4;1;1;1;1;1;1;1;1;1;1;1;1;1;1;1;1;1;1;1;1;1;1;1;1;1;1;1;1;1;1;1;
00247008;1;01/06/2003;1;26,5;155,2;18;26;1;1;1;;0;2;2,7;24,6;5,2;23,7;5,5;0;0,7;0,2;0,4;0;2,3;6,3;1;25,2;7,6;3,4;26,5;0,7;0,6;9,5;1,1;1,2;3;0,4;0,7;0,1;0,6;0;0;;1;1;1;1;1;1;1;1;1;1;1;1;1;1;1;1;1;1;1;1;1;1;1;1;1;1;1;1;1;1;0;
00247008;1;01/07/2003;1;36,7;143,1;4;26;1;1;1;;0;0;15,1;1,6;36,7;8;0,1;3,5;0,4;0;2,2;0;6,2;9,3;6,2;4,3;3,2;0;6,2;5,1;0,9;6,7;4,6;1,5;3;0,1;7,2;0,8;6,6;0;0,6;3;1;1;1;1;1;1;1;1;1;1;1;1;1;1;1;1;1;1;1;1;1;1;1;1;1;1;1;1;1;1;1;
00247008;1;01/08/2003;1;27,7;142,5;19;31;1;1;1;;0;4,6;6,1;3,9;1,3;1,6;6;6,6;4,7;3,4;1,3;0,9;0,5;3,6;0,7;2,6;6,3;4,9;3,6;27,7;6,1;4,2;9,6;1,2;5,5;6,7;3,6;6,2;0,3;6,7;0,5;1,6;1;1;1;1;1;1;1;1;1;1;1;1;1;1;1;1;1;1;1;1;1;1;1;1;1;1;1;1;1;1;1;
00247008;1;01/09/2003;1;24,6;115;21;30;1;1;1;;0;8,5;2,2;3,6;6,1;1,7;0,3;6;0,3;1,6;2,2;3,1;7,7;1,2;1,7;2,8;1,4;5,1;6,6;3,3;1,1;24,6;0,3;6,1;4,6;1,2;2,6;1,8;4,3;0,7;2,3;;1;1;1;1;1;1;1;1;1;1;1;1;1;1;1;1;1;1;1;1;1;1;1;1;1;1;1;1;1;1;0;
00247008;1;01/10/2003;1;16,2;123,4;26;31;1;1;1;;0;0,3;1,2;3,2;2,3;1,1;6,1;1,4;3,8;2,2;2,9;1,7;6,2;4,3;1,9;6;7;0,9;0,6;5,8;4,2;3,4;5,4;6,3;2;1,3;16,2;0,5;3;4,4;9,7;8,1;1;1;1;1;1;1;1;1;1;1;1;1;1;1;1;1;1;1;1;1;1;1;1;1;1;1;1;1;1;1;1;
00247008;1;01/11/2003;1;21,6;129,1;30;30;1;1;1;;0;12,8;0,3;2,3;3,6;2,2;1,1;1,4;1,9;0,5;3,2;3,8;2,9;0,5;1,7;0,2;0,9;9,9;9,7;2,2;7,6;9,5;6,9;3,3;4,1;1,1;2;1,6;4;6,3;21,6;;1;1;1;1;1;1;1;1;1;1;1;1;1;1;1;1;1;1;1;1;1;1;1;1;1;1;1;1;1;1;0;
00247008;1;01/12/2003;1;43,2;236,2;19;31;1;1;1;;0;7,5;5;3,8;1,2;29,7;4,3;2,3;1,9;0,6;3,2;4;5,2;4,7;21,1;1,7;1,6;5,5;3,9;43,2;24;2,4;4,4;6,2;0,8;2,2;3,4;9,4;9,4;21,2;0,6;1,8;1;1;1;1;1;1;1;1;1;1;1;1;1;1;1;1;1;1;1;1;1;1;1;1;1;1;1;1;1;1;1;
00247008;1;01/01/2004;1;98,5;587,2;29;31;1;1;1;;0;9,2;7,7;33,6;0,9;26,9;0,5;1,6;4,2;3;2,1;15,9;15,5;2,9;0,9;66,9;0,5;49,6;24;9,3;7,4;6,6;6,4;1,8;62;31,2;18,5;1,1;3,7;98,5;69;5,8;1;1;1;1;1;1;1;1;1;1;1;1;1;1;1;1;1;1;1;1;1;1;1;1;1;1;1;1;1;1;1;
00247008;1;01/02/2004;1;62,4;510,6;14;29;1;1;1;;0;4,3;6,6;2,1;3,2;5,7;36,4;14,7;4,6;13,6;1,7;32,2;16,2;8,1;62,4;16,1;7,7;41,4;28,2;13,3;5,1;36;27,6;39,2;52,4;9,3;7,5;2,1;11,5;1,4;;;1;1;1;1;1;1;1;1;1;1;1;1;1;1;1;1;1;1;1;1;1;1;1;1;1;1;1;1;1;0;0;
00247008;1;01/03/2004;1;66;605,8;1;31;1;1;1;;0;66;17,7;0,9;28,6;9,1;23;36,4;9,4;32,7;25,9;26,1;4,6;1;4,1;1,8;0,7;11,8;9,4;38,8;26,5;22,9;3,7;4,1;41,5;7,2;24,4;31,1;43,2;31,2;14,1;7,9;1;1;1;1;1;1;1;1;1;1;1;1;1;1;1;1;1;1;1;1;1;1;1;1;1;1;1;1;1;1;1;
00247008;1;01/04/2004;1;56;427,3;2;30;1;1;1;;0;9,6;56;6;3,4;4,4;38,4;26,6;34,6;39,1;2,8;4,8;1,4;9,5;2,2;4,6;9,2;17,6;0,4;2,6;14;12,9;9;24,6;31,6;26,2;26,7;7,4;0,3;1,2;0,2;;1;1;1;1;1;1;1;1;1;1;1;1;1;1;1;1;1;1;1;1;1;1;1;1;1;1;1;1;1;1;0;
00247008;1;01/05/2004;1;57,8;259,5;9;31;1;1;1;;0;9,7;8,6;1,3;8,7;7,7;9,5;17,2;22;57,8;6,3;13,7;0,2;1,4;9,4;1,2;3,6;4,4;0,5;0,6;2,2;16,6;1,5;5;9,4;1,2;6,6;3,8;7,5;4,1;4,2;13,6;1;1;1;1;1;1;1;1;1;1;1;1;1;1;1;1;1;1;1;1;1;1;1;1;1;1;1;1;1;1;1;
00247008;1;01/06/2004;1;16,9;162,7;1;27;1;1;1;;0;16,9;1,4;0;0;3,2;4,7;1,9;9,3;8,8;6,2;3;7,7;0;5;6,9;0,5;7;4;9,5;1,8;2,4;5,5;7,2;9;14,2;2;1,5;7,9;5,5;9,7;;1;1;1;1;1;1;1;1;1;1;1;1;1;1;1;1;1;1;1;1;1;1;1;1;1;1;1;1;1;1;0;
00247008;1;01/07/2004;1;26;148,8;13;24;1;1;1;;0;0;0;5,5;1;9,6;0;0,6;7,7;1,3;2,2;8,1;8,8;26;0;7,6;3,4;1,6;0,4;6,6;12;5,1;1,4;0;16,6;0,6;1,1;0;9,8;7,5;4,3;0;1;1;1;1;1;1;1;1;1;1;1;1;1;1;1;1;1;1;1;1;1;1;1;1;1;1;1;1;1;1;1;
00247008;1;01/08/2004;1;19,8;134,7;11;20;1;1;1;;0;0;0;0;0;0;1,2;6,6;0,9;0;3,1;19,8;0,2;19,5;5,6;3,6;1,7;0;0;0,8;9;0;4,4;2,6;0,5;13,8;3,2;8,5;0;0;18;11,7;1;1;1;1;1;1;1;1;1;1;1;1;1;1;1;1;1;1;1;1;1;1;1;1;1;1;1;1;1;1;1;
00247008;1;01/09/2004;1;39,2;125,9;27;16;1;1;1;;0;11,6;3,4;0;0;0;8,9;1,7;2,1;0;11,4;1,2;2,8;4;6,3;0;7,3;0;0;0;0;0;0;1,8;0;0;21,6;39,2;0,3;2,3;0;;1;1;1;1;1;1;1;1;1;1;1;1;1;1;1;1;1;1;1;1;1;1;1;1;1;1;1;1;1;1;0;
00247008;1;01/10/2004;1;26,1;96,6;7;15;1;1;1;;0;0;0;12,7;2,4;0;3,1;26,1;4,4;0;0;0;0;0;0;0;0,5;1,4;2,5;1,3;11,6;0;0;0;0,9;0;0;7,9;12,2;1,5;8,1;0;1;1;1;1;1;1;1;1;1;1;1;1;1;1;1;1;1;1;1;1;1;1;1;1;1;1;1;1;1;1;1;
00247008;1;01/11/2004;1;25,9;31,6;16;4;1;1;1;;0;0;0,8;0;0;0,7;0;0;0;0;0;0;0;0;0;0;25,9;0;4,2;0;0;0;0;0;0;0;0;0;0;0;0;;1;1;1;1;1;1;1;1;1;1;1;1;1;1;1;1;1;1;1;1;1;1;1;1;1;1;1;1;1;1;0;
00247008;1;01/12/2004;1;44,9;288,4;2;18;1;1;1;;0;0;44,9;2,7;0;0;0;0;28,1;32,2;0;17,1;0;0;2,6;0;0;0;0;0;12,7;22,2;1,6;9,3;15;21,1;13,3;19;0,8;7,7;31,7;6,4;1;1;1;1;1;1;1;1;1;1;1;1;1;1;1;1;1;1;1;1;1;1;1;1;1;1;1;1;1;1;1;
00247008;1;01/01/2005;1;68,5;349,3;22;19;1;1;1;;0;0;0;0;23,3;9,6;25,1;3,5;8,3;3,2;0,5;7,9;0,2;0;0;0;32,1;6,3;7,7;48,3;0;4,1;68,5;5,7;0;23;47,6;24,4;0;0;0;0;1;1;1;1;1;1;1;1;1;1;1;1;1;1;1;1;1;1;1;1;1;1;1;1;1;1;1;1;1;1;1;
00247008;1;01/02/2005;1;45,7;461,1;19;23;1;1;1;;0;15,1;12,1;0;15;39,3;18,4;38;39,5;6,6;21,7;0;0;4,2;8,4;9,4;28,4;8;37,2;45,7;1,4;3;19,2;0;15,2;0;31,2;5;39,1;;;;1;1;1;1;1;1;1;1;1;1;1;1;1;1;1;1;1;1;1;1;1;1;1;1;1;1;1;1;0;0;0;
00247008;1;01/03/2005;1;62,6;463,2;20;23;1;1;1;;0;15,2;1,6;0;11,3;36;0;0;26,4;38,5;0,4;0;12;3,1;37,8;29,1;2,1;3,1;16,1;39,4;62,6;1,4;0;0;0;0,2;0;19;29,5;32;7,5;38,9;1;1;1;1;1;1;1;1;1;1;1;1;1;1;1;1;1;1;1;1;1;1;1;1;1;1;1;1;1;1;1;
00247008;1;01/04/2005;1;95;452,6;25;21;1;1;1;;0;0;5;38,5;0;0;38,2;19,7;14,5;2,6;62,8;2,3;0;3,6;23,6;8;9,1;8,9;3,3;2,7;0;17,1;6,5;0;16;95;0;0;39,2;36;0;;1;1;1;1;1;1;1;1;1;1;1;1;1;1;1;1;1;1;1;1;1;1;1;1;1;1;1;1;1;1;0;
00247008;1;01/05/2005;1;86,9;428,9;23;17;1;1;1;;0;0;0;42;36,5;46;15;0;0;4,7;0;0;0;8,1;6,9;3,3;31,3;0;0;0;22,8;0;43,1;86,9;27,7;6,2;3,2;11,7;0;33,5;0;0;1;1;1;1;1;1;1;1;1;1;1;1;1;1;1;1;1;1;1;1;1;1;1;1;1;1;1;1;1;1;1;
00247008;1;01/06/2005;1;33,4;99,7;7;10;1;1;1;;0;28,8;0;0;1,1;0;0;33,4;9,8;3,8;0,7;1,2;0;0;0;14,4;0;0;0;4,2;0;0;0;2,3;0;0;0;0;0;0;0;;1;1;1;1;1;1;1;1;1;1;1;1;1;1;1;1;1;1;1;1;1;1;1;1;1;1;1;1;1;1;0;
00247008;1;01/07/2005;1;18;32,5;12;5;1;1;1;;0;0;5;0;0;4;0;0;0;0;2,2;3,3;18;0;0;0;0;0;0;0;0;0;0;0;0;0;0;0;0;0;0;0;1;1;1;1;1;1;1;1;1;1;1;1;1;1;1;1;1;1;1;1;1;1;1;1;1;1;1;1;1;1;1;
00247008;1;01/08/2005;1;26,3;37,4;28;3;1;1;1;;0;0;0;0;0;0;0;0;0;0;0;0;4,3;6,8;0;0;0;0;0;0;0;0;0;0;0;0;0;0;26,3;0;0;0;1;1;1;1;1;1;1;1;1;1;1;1;1;1;1;1;1;1;1;1;1;1;1;1;1;1;1;1;1;1;1;
00247008;1;01/09/2005;1;0;0;1;0;1;1;1;;0;0;0;0;0;0;0;0;0;0;0;0;0;0;0;0;0;0;0;0;0;0;0;0;0;0;0;0;0;0;0;;1;1;1;1;1;1;1;1;1;1;1;1;1;1;1;1;1;1;1;1;1;1;1;1;1;1;1;1;1;1;0;
00247008;1;01/10/2005;1;41,6;79,5;12;5;1;1;1;;0;0;0;0;0;0;0;28,8;0;0;0;2,7;41,6;0;0;0;0;0;0;0;0;0;0;0;0;5,6;0;0,8;0;0;0;0;1;1;1;1;1;1;1;1;1;1;1;1;1;1;1;1;1;1;1;1;1;1;1;1;1;1;1;1;1;1;1;
00247008;1;01/11/2005;1;65,9;150,4;26;9;1;1;1;;0;0;0;0;0;0;0;0;0;0;0;6,4;23,6;1,2;0;0;6;0;0;0;0;0;0;9;0;24,7;65,9;12;1,6;0;0;;1;1;1;1;1;1;1;1;1;1;1;1;1;1;1;1;1;1;1;1;1;1;1;1;1;1;1;1;1;1;0;
00247008;1;01/12/2005;1;52,9;429,8;31;20;1;1;1;;0;0;0;1,8;5,1;34,5;47,7;0;9,2;45,4;0;0;0,3;11,2;0;7,7;0;0;0;34,9;11,7;22,9;1,2;35,3;4,4;0;8,5;52,3;27,1;0;15,7;52,9;1;1;1;1;1;1;1;1;1;1;1;1;1;1;1;1;1;1;1;1;1;1;1;1;1;1;1;1;1;1;1;
00247008;1;01/01/2006;1;42;302,5;1;23;1;1;1;;0;42;36,6;0,9;18,6;0;0,2;5;22,9;0,3;14,8;2,1;0;0;0;15,5;29,2;8;2,5;2,8;7,7;6,6;33,2;8,8;6,5;0;0,6;0;0;0;2,8;34,9;1;1;1;1;1;1;1;1;1;1;1;1;1;1;1;1;1;1;1;1;1;1;1;1;1;1;1;1;1;1;1;
00247008;1;01/02/2006;1;33,7;217,1;26;14;1;1;1;;0;6,3;0;0;0;22,6;0;0;0;17,8;0;0;27,6;32;33;6,6;1,2;6,7;19,9;0,3;0;0;0;0;0;0;33,65;8,8;0,6;;;;1;1;1;1;1;1;1;1;1;1;1;1;1;1;1;1;1;1;1;1;1;1;1;1;1;1;1;1;0;0;0;
00247008;1;01/03/2006;1;57,5;588,7;31;30;1;1;1;;0;32,2;26,5;4,5;21,1;38,3;6,2;9,2;1,9;14;0,5;31,9;25,3;28,9;9,4;41,4;0;12,3;3,6;45;7,7;8,5;3,4;17,1;11;35;1,3;35,5;12,2;38,5;8,8;57,5;1;1;1;1;1;1;1;1;1;1;1;1;1;1;1;1;1;1;1;1;1;1;1;1;1;1;1;1;1;1;1;
00247008;1;01/04/2006;1;97,1;881,1;18;26;1;1;1;;0;29,1;38,7;58;69,3;43;2,3;4,4;38,6;17,9;31,1;44,6;57;0;21,4;0;29,9;15,8;97,1;0,2;0;32,2;27,8;28,8;9,6;44,4;16,9;35;62,5;0;25,5;;1;1;1;1;1;1;1;1;1;1;1;1;1;1;1;1;1;1;1;1;1;1;1;1;1;1;1;1;1;1;0;
00247008;1;01/05/2006;1;74,3;680,6;7;21;1;1;1;;0;9,2;59,5;7,8;8;0;13,1;74,3;15;34,6;58,2;27,7;67,2;41,9;7,8;6,5;0;9,4;0;0;33,4;67,5;0;0;0;0;46;58,5;7,9;0;0;27,1;1;1;1;1;1;1;1;1;1;1;1;1;1;1;1;1;1;1;1;1;1;1;1;1;1;1;1;1;1;1;1;
00247008;1;01/06/2006;1;14,1;20,7;18;2;1;1;1;;0;0;0;0;0;0;0;0;0;0;0;0;0;0;0;0;0;6,6;14,1;0;0;0;0;0;0;0;0;0;0;0;0;;1;1;1;1;1;1;1;1;1;1;1;1;1;1;1;1;1;1;1;1;1;1;1;1;1;1;1;1;1;1;0;
00247008;1;01/07/2006;1;21,4;32,5;27;4;1;1;1;;0;0;0;0;0;0;0;0;0;0;0;0;9,9;0;0;0;0;0;0;0;0;0;0;0;0;0;0;21,4;0,4;0,8;0;0;1;1;1;1;1;1;1;1;1;1;1;1;1;1;1;1;1;1;1;1;1;1;1;1;1;1;1;1;1;1;1;
00247008;1;01/08/2006;1;4,7;11,6;25;6;1;1;1;;0;0;0,3;0;0;0;0;0;0;1,9;1,2;0;0;0;0;0;0;0;0;0;0;0;0;0;2,3;4,7;0;1,2;0;0;0;0;1;1;1;1;1;1;1;1;1;1;1;1;1;1;1;1;1;1;1;1;1;1;1;1;1;1;1;1;1;1;1;
00247008;1;01/09/2006;1;39,2;109,7;1;7;1;1;1;;0;39,2;0;0;0;0;0;0;0;0;0;0;0;0;24,2;0,9;0;0;0;3,7;13,4;0;0;0;0;0;0;0;15,2;13,1;0;;1;1;1;1;1;1;1;1;1;1;1;1;1;1;1;1;1;1;1;1;1;1;1;1;1;1;1;1;1;1;0;
00247008;1;01/10/2006;1;58,6;73,4;17;4;1;1;1;;0;0;0;6;0,5;0;0;0;0;0;0;0;0;0;0;0;0;58,6;0;0;0;0;0;0;0;0;0;8,3;0;0;0;0;1;1;1;1;1;1;1;1;1;1;1;1;1;1;1;1;1;1;1;1;1;1;1;1;1;1;1;1;1;1;1;
00247008;1;01/11/2006;1;58,4;202,1;20;12;1;1;1;;0;0;0;0;0;3,8;0;0;0;0;0;26;0;0;0;0;4,3;43,6;7,2;0;58,4;6,6;6;22,2;7,5;0;14,2;0;0;0;2,3;;1;1;1;1;1;1;1;1;1;1;1;1;1;1;1;1;1;1;1;1;1;1;1;1;1;1;1;1;1;1;0;
00247008;1;01/12/2006;1;57,7;323,2;31;16;1;1;1;;0;0;0;0;0;0;0;0;0;22,8;57,3;0;0;5,9;0;1,9;6,5;23,6;0;16;2,5;9,2;5,1;53;9,4;7,7;8,1;0;0;0;36,5;57,7;1;1;1;1;1;1;1;1;1;1;1;1;1;1;1;1;1;1;1;1;1;1;1;1;1;1;1;1;1;1;1;
00247008;1;01/01/2007;1;37,1;181,1;3;19;1;1;1;;0;4,9;1,1;37,1;8,5;1,4;0;2,9;3,3;6,1;8,9;0,5;16,1;0;0;0;0;1,6;18;4,4;0,3;0;1,9;0;0;0;0;0;34;16,1;0;14;1;1;1;1;1;1;1;1;1;1;1;1;1;1;1;1;1;1;1;1;1;1;1;1;1;1;1;1;1;1;1;
00247008;1;01/02/2007;1;99,3;600,7;7;28;1;1;1;;0;9,4;7;25,1;19,3;6,6;34;99,3;21,1;21,3;3,1;29,2;9,9;0,5;21,7;1,8;45,2;57,4;28,8;49,6;6,1;52,8;9;2,2;17,7;15,6;2,2;4,2;0,6;;;;1;1;1;1;1;1;1;1;1;1;1;1;1;1;1;1;1;1;1;1;1;1;1;1;1;1;1;1;0;0;0;
00247008;1;01/03/2007;1;82;520,7;20;26;1;1;1;;0;0;29,1;3,3;6,2;39;52,8;19,4;12,5;0,9;24;1,6;15,1;12,1;0;31,3;0;0;0;4,3;82;46,4;32,2;49,6;2,5;8,4;14,7;0,4;5,1;21,1;1;5,7;1;1;1;1;1;1;1;1;1;1;1;1;1;1;1;1;1;1;1;1;1;1;1;1;1;1;1;1;1;1;1;
00247008;1;01/04/2007;1;67,5;421,6;24;24;1;1;1;;0;19,9;23;27,9;17,1;7,9;0;0;0;4,5;3,3;15,1;22,1;0,3;6,9;0,9;16,4;54,2;0,2;23;12;0;0;0;67,5;24,4;5,4;23,7;0,5;36,6;8,8;;1;1;1;1;1;1;1;1;1;1;1;1;1;1;1;1;1;1;1;1;1;1;1;1;1;1;1;1;1;1;0;
00247008;1;01/05/2007;1;86,7;309,5;2;19;1;1;1;;0;32,7;86,7;8,2;18;6,1;24,4;31,3;19,4;6,8;9,2;6,2;0;0;0;0;1,3;0,5;2,3;39,4;0;0;0;14,3;1,1;1;0,6;0;0;0;0;0;1;1;1;1;1;1;1;1;1;1;1;1;1;1;1;1;1;1;1;1;1;1;1;1;1;1;1;1;1;1;1;
00247008;1;01/06/2007;1;29,6;101,4;9;7;1;1;1;;0;18,2;19,8;0;0;0;9,7;0;5,5;29,6;6,6;0;0;0;0;0;12;0;0;0;0;0;0;0;0;0;0;0;0;0;0;;1;1;1;1;1;1;1;1;1;1;1;1;1;1;1;1;1;1;1;1;1;1;1;1;1;1;1;1;1;1;0;
00247008;1;01/07/2007;1;22,9;49,8;26;5;1;1;1;;0;5,2;0;0;0;0;0;0;0;0;2,9;0;0;0;0;0;16,9;0;0;0;0;0;0;0;0;0;22,9;0;0;0;1,9;0;1;1;1;1;1;1;1;1;1;1;1;1;1;1;1;1;1;1;1;1;1;1;1;1;1;1;1;1;1;1;1;
00247008;1;01/08/2007;1;29;36,8;27;3;1;1;1;;0;0;0;0;0;0;0;0;0;1,7;0;0;0;0;0;0;0;0;0;0;0;0;0;0;6,1;0;0;29;0;0;0;0;1;1;1;1;1;1;1;1;1;1;1;1;1;1;1;1;1;1;1;1;1;1;1;1;1;1;1;1;1;1;1;
00247008;1;01/09/2007;1;22,7;32,5;18;4;1;1;1;;0;0;0;0;0;0;0;0;0;0;0;2,9;0;0;0;0;0;0;22,7;0;0;0;2,3;0;0;0;0;0;0;4,6;0;;1;1;1;1;1;1;1;1;1;1;1;1;1;1;1;1;1;1;1;1;1;1;1;1;1;1;1;1;1;1;0;
00247008;1;01/10/2007;1;43,2;91,3;25;7;1;1;1;;0;0;0;0;3,6;5,4;0;0;0;0;0;0;0;16,3;0;0;0;0;0;0;0;0;0;0;4,4;43,2;12;0;0;0;0;6,4;1;1;1;1;1;1;1;1;1;1;1;1;1;1;1;1;1;1;1;1;1;1;1;1;1;1;1;1;1;1;1;
00247008;1;01/11/2007;1;25,6;63,3;27;8;1;1;1;;0;0,8;0;0;0;0;0;0;0;0;1,4;4,4;0;5,5;14,9;0;0;0;0;0;0;0;3,3;0;0;0;0;25,6;7,4;0;0;;1;1;1;1;1;1;1;1;1;1;1;1;1;1;1;1;1;1;1;1;1;1;1;1;1;1;1;1;1;1;0;
00247008;1;01/12/2007;1;74,6;308,2;1;17;1;1;1;;0;74,6;11,6;0;0;33;4,6;0;1,8;38,1;0;1,1;2,5;0;12,2;0;0;19;11,4;0,7;0;0;0;0;0;0;19,6;4,2;31,2;4,9;37,7;0;1;1;1;1;1;1;1;1;1;1;1;1;1;1;1;1;1;1;1;1;1;1;1;1;1;1;1;1;1;1;1;
00247008;1;01/01/2008;1;62,8;376,8;1;21;1;1;1;;0;62,8;49,7;1,1;24,1;16,6;8;0;0;8,4;15,1;0;0;0;0;38,8;4;0,6;18,5;46;35,4;1,6;1,2;7,7;0;0;0;0;26,4;3,2;1,6;6;1;1;1;1;1;1;1;1;1;1;1;1;1;1;1;1;1;1;1;1;1;1;1;1;1;1;1;1;1;1;1;
00247008;1;01/02/2008;1;99;474,1;22;22;1;1;1;;0;12,3;11,5;6,2;35,8;21,9;8,9;13,1;14,7;0;0;5,9;28,3;11,9;15,4;43,9;8;29,2;3,4;4,4;0;63,1;99;0;14,7;0;0;0;16,5;6;;;1;1;1;1;1;1;1;1;1;1;1;1;1;1;1;1;1;1;1;1;1;1;1;1;1;1;1;1;1;0;0;
00247008;1;01/03/2008;1;72,4;613;22;23;1;1;1;;0;0;48,9;42,7;56,8;11,1;27,7;0;0;0;0;0;48,1;8,1;2,5;14,3;0;2,3;6,8;16;0;18;72,4;2,1;56;18,4;7,4;41,2;1,9;66,6;27,2;16,5;1;1;1;1;1;1;1;1;1;1;1;1;1;1;1;1;1;1;1;1;1;1;1;1;1;1;1;1;1;1;1;
00247008;1;01/04/2008;1;80,6;300,2;6;24;1;1;1;;0;0,5;44,4;7,4;0;6,5;80,6;0;7,7;0;0;2,9;9,6;8,1;6,9;3,5;3,5;21;21,7;1,8;0,9;0;28,6;4,6;2,9;2,6;0;9,5;12,6;2,9;9,5;;1;1;1;1;1;1;1;1;1;1;1;1;1;1;1;1;1;1;1;1;1;1;1;1;1;1;1;1;1;1;0;
00247008;1;01/05/2008;1;64,5;413,1;5;27;1;1;1;;0;7,6;14,4;4,6;9,6;64,5;9,6;7,2;12,8;26,4;7,9;4,8;8,6;5,8;6,4;4,3;24,3;1,2;4,7;2,4;0;0;0;0;7,8;24,3;21,2;44,1;58,3;26,6;1,4;2,3;1;1;1;1;1;1;1;1;1;1;1;1;1;1;1;1;1;1;1;1;1;1;1;1;1;1;1;1;1;1;1;
00247008;1;01/06/2008;1;36;162,1;2;9;1;1;1;;0;11,8;36;24,1;0;0;0;18,7;0;0;0;23,3;0;0;0;14,4;3,4;0;0;0;8,6;0;0;0;0;21,8;0;0;0;0;0;;1;1;1;1;1;1;1;1;1;1;1;1;1;1;1;1;1;1;1;1;1;1;1;1;1;1;1;1;1;1;0;
00247008;1;01/07/2008;1;9,8;19,2;26;3;1;1;1;;0;0;0;0;0;0;0;0;0;0;0;0;0;0;0;0;0;0;0;0;7,6;0;0;0;0;0;9,8;0;0;1,8;0;0;1;1;1;1;1;1;1;1;1;1;1;1;1;1;1;1;1;1;1;1;1;1;1;1;1;1;1;1;1;1;1;
00247008;1;01/08/2008;1;27,8;50,7;25;5;1;1;1;;0;0;0;0;0;0;0;0;0;0;18,2;0;0;0,7;0;0;0;0;0;0;0;0;0;1,4;2,6;27,8;0;0;0;0;0;0;1;1;1;1;1;1;1;1;1;1;1;1;1;1;1;1;1;1;1;1;1;1;1;1;1;1;1;1;1;1;1;
00247008;1;01/09/2008;1;18,1;42,2;5;9;1;1;1;;0;0;7,3;0;0;18,1;1,3;0;0;2,9;0;0;4,7;0;0;0;0;0;0;4,4;0;0;1,1;0;0;1,9;0,5;0;0;0;0;;1;1;1;1;1;1;1;1;1;1;1;1;1;1;1;1;1;1;1;1;1;1;1;1;1;1;1;1;1;1;0;
00247008;1;01/10/2008;1;7,3;23;8;4;1;1;1;;0;0;5,4;0;0;0;0;0;7,3;0;0;3;7,3;0;0;0;0;0;0;0;0;0;0;0;0;0;0;0;0;0;0;0;1;1;1;1;1;1;1;1;1;1;1;1;1;1;1;1;1;1;1;1;1;1;1;1;1;1;1;1;1;1;1;
00247008;1;01/11/2008;1;22,3;65,1;28;6;1;1;1;;0;0;0;0;9,4;6,4;6,5;1,1;0;0;0;0;0;0;0;0;0;0;0;0;0;0;0;0;19,4;0;0;0;22,3;0;0;;1;1;1;1;1;1;1;1;1;1;1;1;1;1;1;1;1;1;1;1;1;1;1;1;1;1;1;1;1;1;0;
00247008;1;01/12/2008;1;53,1;146,5;26;10;1;1;1;;0;0;0;29,3;0,9;0;0;4,8;3,6;7,7;5,1;0;0;0;0;0;32,6;0;0;0;0;5,6;3,8;0;0;0;53,1;0;0;0;0;0;1;1;1;1;1;1;1;1;1;1;1;1;1;1;1;1;1;1;1;1;1;1;1;1;1;1;1;1;1;1;1;
00247008;1;01/01/2009;1;120,7;339,3;19;25;1;1;1;;0;5,2;7,5;0;0;0;0;11,1;7,7;17,7;0;22,2;8,4;15,8;2,2;7,3;5;2,3;4,5;120,7;2,7;5,5;24,4;14,3;4,8;7,6;3,1;0;13,9;2,5;13,8;9,1;1;1;1;1;1;1;1;1;1;1;1;1;1;1;1;1;1;1;1;1;1;1;1;1;1;1;1;1;1;1;1;
00247008;1;01/02/2009;1;78,8;510,4;26;26;1;1;1;;0;4,8;6,3;4,4;5,2;7,3;12,4;5,8;0;0;13,9;8,1;16,6;9,7;14,3;44,4;8,3;15,8;23,1;18,5;23,5;62,1;1;13,4;30,7;45,5;78,8;8,3;28,2;;;;1;1;1;1;1;1;1;1;1;1;1;1;1;1;1;1;1;1;1;1;1;1;1;1;1;1;1;1;0;0;0;
00247008;1;01/03/2009;1;50,7;511,3;31;29;1;1;1;;0;16,4;3,1;13,8;8,7;11,7;3,3;21,7;1,5;28;12,2;36,5;20,7;0;25;1,2;20,3;28;10,2;12,5;7;13,4;10;25,1;33;35,5;12,5;9,7;39,5;0,1;0;50,7;1;1;1;1;1;1;1;1;1;1;1;1;1;1;1;1;1;1;1;1;1;1;1;1;1;1;1;1;1;1;1;
00247008;1;01/04/2009;1;88;710,2;5;26;1;1;1;;0;55;40,5;25,3;36,2;88;0,2;0;0;54,5;0,5;0;60,3;20;20,7;2,9;0,5;0;1,1;5,3;20,2;30,9;25;35,5;15,3;49;14,3;30,5;25,9;42,3;10,3;;1;1;1;1;1;1;1;1;1;1;1;1;1;1;1;1;1;1;1;1;1;1;1;1;1;1;1;1;1;1;0;
00247008;1;01/05/2009;1;96,5;770,1;25;31;1;1;1;;0;12,7;9,5;40,9;21,1;2,3;17,3;9,8;12,3;8,6;19,3;22,2;15,7;39;51,3;62,3;24,5;2,5;3,1;20,9;11,7;14,5;19;36,9;9,3;96,5;39,5;42;60,2;3,2;5,3;36,7;1;1;1;1;1;1;1;1;1;1;1;1;1;1;1;1;1;1;1;1;1;1;1;1;1;1;1;1;1;1;1;
00247008;1;01/06/2009;1;49,3;340,7;15;20;1;1;1;;0;45,4;13,3;7,8;11,1;32;4,3;0;17,3;0;5,5;0,9;19,8;0,7;8,3;49,3;0;0,3;0;27,6;0;0,4;0;28,7;48,6;0,8;0;0;0;0;18,6;;1;1;1;1;1;1;1;1;1;1;1;1;1;1;1;1;1;1;1;1;1;1;1;1;1;1;1;1;1;1;0;
00247008;1;01/07/2009;1;23,1;112,9;7;17;1;1;1;;0;10;0;0;10,2;0,6;20,3;23,1;11,2;0;0;0,3;0;0,1;0;0,5;0,2;6,3;0,2;0;20,1;0,7;0;0;8,6;0;0;0;0;0,1;0,4;0;1;1;1;1;1;1;1;1;1;1;1;1;1;1;1;1;1;1;1;1;1;1;1;1;1;1;1;1;1;1;1;
00247008;1;01/08/2009;1;5;15,4;23;8;1;1;1;;0;0;3,6;0;0;0;0;0;0;0;0,3;0;0,1;0;0;0;0;0;0;0;0;0;0;5;3,6;0;0;0;0,8;0,7;0;1,3;1;1;1;1;1;1;1;1;1;1;1;1;1;1;1;1;1;1;1;1;1;1;1;1;1;1;1;1;1;1;1;
00247008;1;01/09/2009;1;17;21,7;17;9;1;1;1;;0;0;0;0;1;0;0;0;0;0;0;0;0;0;0,5;0;0;17;0,6;0,9;0,5;0;0;0;0;0;0,6;0;0;0,5;0,1;;1;1;1;1;1;1;1;1;1;1;1;1;1;1;1;1;1;1;1;1;1;1;1;1;1;1;1;1;1;1;0;
00247008;1;01/10/2009;1;10,5;33;9;14;1;1;1;;0;0,8;0;0;0,5;0,7;7,8;0,6;1,2;10,5;0;0;0,6;0;0;0,9;0,3;0;0;0;0;1;0,5;0;7,3;0;0;0;0;0;0;0,3;1;1;1;1;1;1;1;1;1;1;1;1;1;1;1;1;1;1;1;1;1;1;1;1;1;1;1;1;1;1;1;
00247008;1;01/11/2009;1;11,4;29,1;2;14;1;1;1;;0;5,3;11,4;3;0,2;0;0;0;0,1;0;0;0,5;0,3;0;0,3;5,6;0,4;0;0,3;0;0;0,6;0;0;0;0;0,5;0,6;0;0;0;;1;1;1;1;1;1;1;1;1;1;1;1;1;1;1;1;1;1;1;1;1;1;1;1;1;1;1;1;1;1;0;
00247008;1;01/12/2009;1;30,9;182,8;26;20;3;3;3;;0;0,7;0;0;0;0,5;10,1;0,3;0;0;11,3;1,2;0,5;0,5;6,9;0,7;0;0;0;0;0,5;0,3;0;2,3;23,3;0;30,9;10;13,3;22,7;25,6;21,2;1;1;1;1;1;3;1;1;1;1;1;1;1;1;1;1;1;1;1;1;1;1;1;1;1;3;3;1;1;1;1;
00247008;1;01/01/2010;1;81,9;570,1;25;28;3;3;3;;0;31,9;26,7;0,9;7,7;77,7;0;0;0,7;0,9;0,7;1,5;0,6;21;11,2;3,4;20,6;10,7;14,5;35;21,1;4,5;30,5;18,9;50,6;81,9;30,6;22,3;11;19,6;0;13,4;1;1;1;1;1;1;1;1;1;1;1;1;3;1;1;1;1;1;1;3;1;3;1;1;1;3;1;1;1;1;1;
00247008;1;01/02/2010;1;56,3;253,5;1;20;3;3;3;;0;56,3;41;0;0,3;0;22,8;0;0;15,6;18,7;22;10,6;0,9;2,5;0;0,1;0;22,3;0,2;4,3;0,7;11,1;0,3;0;0;0,7;0,8;22,3;;;;1;1;1;1;1;3;1;1;1;1;3;1;1;1;1;1;1;3;1;1;1;1;1;1;1;1;1;3;0;0;0;
00247008;1;01/03/2010;1;72,4;588,1;21;28;3;3;3;;0;25,3;7,5;45,3;31;22,2;0,6;20;22,3;3,6;0,7;11;0,3;0;0;0;0,9;45,3;22,2;35,6;12,3;72,4;23,5;40;21,2;13,7;6,8;31,2;22;13,3;25,7;12,2;1;1;3;1;3;1;1;3;1;1;1;1;1;1;1;1;3;3;1;3;1;1;1;1;1;1;1;3;1;1;3;
00247008;1;01/04/2010;1;55,5;545,9;17;29;1;1;1;;0;6,1;0,3;0;5,6;22,3;13,4;10,1;42,7;26,8;12;17,1;25,6;5,8;20,3;37,8;13,1;55,5;15,3;19,6;8,7;0,9;29,8;12,3;45,6;11,7;0,9;17,4;11,2;25,7;32,3;;1;1;1;1;1;1;1;1;1;1;1;1;1;1;1;1;1;1;1;1;1;1;1;1;1;1;1;1;1;1;0;
00247008;1;01/05/2010;1;50,9;500,1;9;24;1;1;1;;0;49,7;22,4;29,6;11,9;25,7;36,6;42,3;21,4;50,9;0;0;3,6;7,8;22,3;13,4;0,5;0;10,9;0;0;0,3;0;18,6;1;7;8,9;17,5;45;36,7;16,1;0;1;1;1;1;1;1;1;1;1;1;1;1;1;1;1;1;1;1;1;1;1;1;1;1;1;1;1;1;1;1;1;
00247008;1;01/06/2010;1;75,6;551,3;4;21;1;1;1;;0;70,9;39,7;40;75,6;61,8;30;12,4;9;21,3;3,2;0;50,6;0,3;8,1;0;0;0;0;35,8;13,5;0,2;18,1;0;49,6;0;0;10,1;0;0,9;0,2;;1;1;1;1;1;1;1;1;1;1;1;1;1;1;1;1;1;1;1;1;1;1;1;1;1;1;1;1;1;1;0;
00247008;1;01/07/2010;1;24,5;84;19;9;1;1;1;;0;0;0;0;0;0;0;0;0;0;0;0,9;0;0,2;0;20,4;10,6;6;0;24,5;0;0;0;0,1;0;0;0;10;11,3;0;0;0;1;1;1;1;1;1;1;1;1;1;1;1;1;1;1;1;1;1;1;1;1;1;1;1;1;1;1;1;1;1;1;
00247008;1;01/08/2010;1;13,6;76,8;16;13;1;1;1;;0;0;0;0;0;8,3;0;3,1;0;0;6,4;0;11,2;0,3;0,8;0;13,6;4,7;10;0;0,8;0;0;0;0;12;0;0;0;0;5,1;0,5;1;1;1;1;1;1;1;1;1;1;1;1;1;1;1;1;1;1;1;1;1;1;1;1;1;1;1;1;1;1;1;
00247008;1;01/09/2010;1;20,2;56,8;19;6;1;1;1;;0;0;0;0;3;8,3;0;0;0;10;3;0;0;0;0;0;0;0;0;20,2;0;0;0;0;0;0;12,3;0;0;0;0;;1;1;1;1;1;1;1;1;1;1;1;1;1;1;1;1;1;1;1;1;1;1;1;1;1;1;1;1;1;1;0;
00247008;1;01/10/2010;1;47,2;233,4;29;14;1;3;1;;0;3;0;0;0;0;0;0;0,7;0;13,4;9;4,3;0;0;0;0;0;0;16,8;0;25,9;37,1;22,3;8;0;0;6;29,7;47,2;10;0;1;1;1;1;1;1;1;1;1;1;1;1;1;1;1;1;1;1;1;1;1;1;1;1;1;1;1;1;1;1;1;
00247008;1;01/11/2010;1;47,6;171,8;2;12;3;3;3;;0;0;47,6;0;0;0;13,4;0;0;0;0;0;20;14,8;10;32,3;2;0;0;11,3;10;0;0;0;0;0,6;0;0,8;0;9;0;;1;1;1;1;1;1;1;1;1;1;1;3;1;3;1;1;1;1;1;3;1;1;1;1;1;1;1;1;1;1;0;
00247008;1;01/12/2010;1;80,8;291,8;17;19;1;1;1;;0;0;0;0;8;15,6;2;8,5;0;0,3;0;0;8;0;0;0;6,2;80,8;0;0;0;11,2;0,5;25,6;3,9;0,8;21;18,7;12,3;0,9;3;64,5;1;1;1;1;1;1;1;1;1;1;1;1;1;1;1;1;1;1;1;1;1;1;1;1;1;1;1;1;1;1;1;
00247008;1;01/01/2011;1;93,7;368,6;21;25;3;3;3;;0;12,3;2,4;1,3;0;20,6;9,1;0,9;0;4,7;45,6;20;0;1,9;0,5;0;9,5;1;2,3;5,1;45,1;93,7;5,7;0;14,7;0,8;0;4,5;2;44,9;10;10;1;1;1;1;3;1;1;1;1;1;3;1;1;1;1;1;1;1;1;1;1;1;1;1;1;1;1;1;1;3;3;
00247008;1;01/02/2011;1;43,4;323;20;26;3;3;3;;0;2,3;9;8,7;10,3;5,8;9,3;7;1;6,4;5,3;0;0,8;0,7;10;20,3;10,9;8,4;11,8;14,3;43,4;31,5;0;11;20,6;14,8;19,1;13;27,3;;;;1;1;1;3;1;1;1;1;1;1;1;1;1;3;3;3;1;1;1;1;1;1;1;3;1;1;1;1;0;0;0;
00247008;1;01/03/2011;1;35,5;325,3;2;30;1;1;1;;0;18,4;35,5;10,3;19,8;14;10,1;9,3;11;13,4;10;11,9;34,9;2;9;13,3;10,4;6;0,1;1,2;9,6;11,6;4;9;11,8;2,1;14;0,6;0;3;10;9;1;1;1;1;1;1;1;1;1;1;1;1;1;1;1;1;1;1;1;1;1;1;1;1;1;1;1;1;1;1;1;
00247008;1;01/04/2011;1;26;276,3;24;22;3;3;3;;0;0;0;9;11;10,9;9,3;16;4,5;0;0;10,4;9,4;11,3;17;0;19,5;9,2;18,1;7,3;0;0;23,9;15,4;26;8,4;17,6;9,3;9,8;3;0;;1;1;3;1;1;1;1;1;1;1;1;1;1;1;1;1;1;1;1;1;1;1;1;1;1;1;1;1;1;1;0;
00247008;1;01/05/2011;1;23;174;10;19;3;3;3;;0;12,4;8,6;3;11;0,9;0;9,6;8;10,3;23;0,9;1,5;0;0;15;11,3;4;0;5,9;13;9,1;0;0;0;0;0;0;0;13,4;13,1;0;1;1;1;1;1;1;1;1;1;1;1;1;1;1;1;1;1;1;1;3;1;1;1;1;1;1;1;1;3;3;1;
00247008;1;01/06/2011;1;12,7;32,3;25;11;1;1;1;;0;0;0,2;0;0;0;0,1;0;0;0;0;0;0,8;0,7;1;0;0;0;0;0;0;0;0,2;0;0;12,7;2,7;2,6;8,2;0;3,1;;1;1;1;1;1;1;1;1;1;1;1;1;1;1;1;1;1;1;1;1;1;1;1;1;1;1;1;1;1;1;0;
00247008;1;01/07/2011;1;10;44;24;13;1;1;1;;0;2,3;7,2;4;0;0;0,2;0;0;0;0;0;0;2,3;0;0,1;0,7;0,5;0,7;0;0;0,1;6;9,9;10;0;0;0;0;0;0;0;1;1;1;1;1;1;1;1;1;1;1;1;1;1;1;1;1;1;1;1;1;1;1;1;1;1;1;1;1;1;1;
00247008;1;01/08/2011;1;9,1;43,4;2;12;1;1;1;;0;0,6;9,1;5,8;0;0;2,1;0;0;0;0;6,9;5,8;3,6;0;0;0;0;0;2,1;0;0;0,2;0;0;0;3,1;0;0,1;0;0;4;1;1;1;1;1;1;1;1;1;1;1;1;1;1;1;1;1;1;1;1;1;1;1;1;1;1;1;1;1;1;1;
00247008;1;01/09/2011;1;4;16,9;15;10;1;1;1;;0;0,3;2;0;0;0;0;1,1;0;0;0;0;0;2;1;4;0;0;0;0;0;0;0;0;0;0;0;2,3;3;1;0,2;;1;1;1;1;1;1;1;1;1;1;1;1;1;1;1;1;1;1;1;1;1;1;1;1;1;1;1;1;1;1;0;
00247008;1;01/10/2011;1;7,8;54,2;21;23;1;1;1;;0;1;3;0;0;4;2;0,5;1;0,9;0;0;1;3,4;0,8;0;0,6;0;3;6,9;6,1;7,8;1,6;0;0,7;1,1;0,3;1,3;0;0,9;4;2,3;1;1;1;1;1;1;1;1;1;1;1;1;1;1;1;1;1;1;1;1;1;1;1;1;1;1;1;1;1;1;1;
00247008;1;01/11/2011;1;9;72,7;15;19;1;1;1;;0;6,8;3,4;0;0;0;0,7;2,3;0;0,3;7,8;0,9;4;3;6,9;9;5,6;7;7;3,4;0;0;0;2;1,3;0,4;0;0;0;0;0,9;;1;1;1;1;1;1;1;1;1;1;1;1;1;1;1;1;1;1;1;1;1;1;1;1;1;1;1;1;1;1;0;
00247008;1;01/12/2011;1;5;26,4;27;18;1;1;1;;0;1,3;0;0;0;1,6;1,4;0,9;0,3;1;2;0;0;1;3;0;0;0,6;0,3;1;4;0;0;0;1;0,9;0,2;5;0;0;0;0,9;1;1;1;1;1;1;1;1;1;1;1;1;1;1;1;1;1;1;1;1;1;1;1;1;1;1;1;1;1;1;1;
00247008;1;01/01/2012;1;12,6;109,8;16;29;1;1;1;;0;0,5;3,1;0,2;0;2,5;0,9;2,7;1,5;4,3;0,9;0,3;6;3,2;0,9;5;12,6;0,8;3,7;2,3;6,1;0,9;10,1;9,7;9,3;3;0,9;4,3;11,3;0;2,2;0,6;1;1;1;1;1;1;1;1;1;1;1;1;1;1;1;1;1;1;1;1;1;1;1;1;1;1;1;1;1;1;1;
00247008;1;01/02/2012;1;30,5;348,8;15;26;3;3;3;;0;0;0;9;0,9;0,8;2,5;4,1;12,3;20,9;10,1;0;12,6;15,8;20,9;30,5;10;15,1;25;10,1;12,6;10,1;20,9;15,1;10,3;17,1;15,7;10;20,9;15,5;;;1;1;1;1;1;1;1;1;3;3;1;1;1;3;3;3;1;1;3;1;3;3;1;3;1;1;3;3;1;0;0;
00247008;1;01/03/2012;1;60,8;515,4;10;26;3;3;3;;0;19,8;10,2;12,9;10,1;7;9;30,5;20,7;40,2;60,8;20,1;12,9;9,2;23,8;34,2;23;16,2;0;0;35,4;39,6;24,2;15,8;10;0;0;9,5;0;7;10,2;3,1;1;1;1;1;1;1;3;3;3;3;3;1;1;1;1;1;1;1;1;1;1;1;1;1;1;1;1;1;1;1;1;
00247008;1;01/04/2012;1;20,3;338,4;18;30;1;1;1;;0;10;9,2;16,9;19,3;10;12,6;20;15,8;9,4;8,8;7,9;9,1;7,5;3,2;5,5;15,8;19,1;20,3;15,6;13;15,2;12,3;10;9,5;7;6,9;7,4;6,7;6,3;8,1;;1;1;1;1;1;1;1;1;1;1;1;1;1;1;1;1;1;1;1;1;1;1;1;1;1;1;1;1;1;1;0;
00247008;1;01/05/2012;1;18,7;277,1;17;29;1;1;1;;0;0,1;16,5;10;9,2;9,5;13,7;15,5;8,8;9,3;5,1;0;0;12;10;17,2;15,3;18,7;17,5;8,9;4;6,6;9,1;9,7;2,1;2;2,8;13,1;8,2;9,5;7,9;4,8;1;1;1;1;1;1;1;1;1;1;1;1;1;1;1;1;1;1;1;1;1;1;1;1;1;1;1;1;1;1;1;
00247008;1;01/06/2012;1;22,3;176,5;5;29;1;1;1;;0;4,2;8;10;9;22,3;4,9;7,7;0,1;4,3;2,5;4,5;7,3;0;0,9;4,2;9,9;5,2;7,4;8,5;6,4;3,9;7,1;4,8;10,6;2,5;1;3,5;5,7;2,1;8;;1;1;1;1;1;1;1;1;1;1;1;1;1;1;1;1;1;1;1;1;1;1;1;1;1;1;1;1;1;1;0;
00247008;1;01/07/2012;1;9,1;25;7;14;1;1;1;;0;0,1;2,5;0,3;2,1;0,2;0,4;9,1;0;0;1,2;0;0;1,5;0;1,7;0;2,4;1,6;0;0;0;0;0;0;1,8;0;0;0;0;0,1;0;1;1;1;1;1;1;1;1;1;1;1;1;1;1;1;1;1;1;1;1;1;1;1;1;1;1;1;1;1;1;1;
00247008;1;01/08/2012;1;0;0;1;0;1;1;1;;0;0;0;0;0;0;0;0;0;0;0;0;0;0;0;0;0;0;0;0;0;0;0;0;0;0;0;0;0;0;0;0;1;1;1;1;1;1;1;1;1;1;1;1;1;1;1;1;1;1;1;1;1;1;1;1;1;1;1;1;1;1;1;
00247008;1;01/09/2012;1;0;0;1;0;1;1;1;;0;0;0;0;0;0;0;0;0;0;0;0;0;0;0;0;0;0;0;0;0;0;0;0;0;0;0;0;0;0;0;;1;1;1;1;1;1;1;1;1;1;1;1;1;1;1;1;1;1;1;1;1;1;1;1;1;1;1;1;1;1;0;
00247008;1;01/10/2012;1;5,9;35;19;18;1;1;1;;0;0;0;0;0;1,6;1,4;0,9;0,3;2;0;0;0;0;0;0,4;4;1;2,5;5,9;0;1,4;2;1,6;0;0,6;0;5;3;0,9;0,5;0;1;1;1;1;1;1;1;1;1;1;1;1;1;1;1;1;1;1;1;1;1;1;1;1;1;1;1;1;1;1;1;
00247008;1;01/11/2012;1;154,5;168,8;30;7;3;3;3;;0;0;0;0;0;0;0;0;0;2,5;3;5,2;0;1;0;0;0,1;2,5;0;0;0;0;0;0;0;0;0;0;0;0;154,5;;1;1;1;1;1;1;1;1;1;1;1;1;1;1;1;1;1;1;1;1;1;1;1;1;1;1;1;1;1;3;0;
00247008;1;01/12/2012;1;10,7;67,3;4;9;1;1;1;;0;0;0;0;10,7;0;0;0;0;0;0;0;0;0;0;0;0;0;0;0;0;0;0;0;7,2;3,1;5,3;6,4;8,5;10,5;9,1;6,5;1;1;1;1;1;1;1;1;1;1;1;1;1;1;1;1;1;1;1;1;1;1;1;1;1;1;1;1;1;1;1;
00247008;1;01/01/2013;1;51,8;585,4;14;26;1;1;1;;0;31,8;23,9;18,1;21,8;15,6;19,1;12,2;9,7;13,3;16;9,9;22,1;37,5;51,8;41,4;44,2;35;15,3;17,5;10,2;19,7;5,6;21,3;30,7;23,2;18,5;0;0;0;0;0;1;1;1;1;1;1;1;1;1;1;1;1;1;1;1;1;1;1;1;1;1;1;1;1;1;1;1;1;1;1;1;
00247008;1;01/02/2013;1;96,4;665,2;3;27;1;1;1;;0;0;69,7;96,4;7,3;54;91;85;17,8;19;15,3;10,5;17,6;25,9;8,4;6,3;7,5;9,8;10,1;8,9;11,2;9,5;5,8;15,6;18,3;19,7;10,5;8,3;5,8;;;;1;1;1;1;1;1;1;1;1;1;1;1;1;1;1;1;1;1;1;1;1;1;1;1;1;1;1;1;0;0;0;
00247008;1;01/03/2013;1;;;;;0;0;0;;0;7,9;10,5;13,1;15,6;9,5;11,3;13,9;8,7;5,4;7,3;3,9;8,1;4,3;6,8;5,2;0;0;4,1;3,8;5,9;3,7;2,5;2,9;3,1;2,5;4,1;5,6;3,9;2,7;4,8;;1;1;1;1;1;1;1;1;1;1;1;1;1;1;1;1;1;1;1;1;1;1;1;1;1;1;1;1;1;1;0;
00247008;1;01/04/2013;1;15,6;253,8;25;29;1;1;1;;0;0;2,9;1,5;3,2;2,8;4,1;2,3;1,8;9,6;10,5;12,2;15,1;11,9;13,4;7,3;5,9;6,2;9,5;8,3;10,5;12,6;7,8;10,1;13,2;15,6;14,5;10,1;12,3;9,7;8,9;;1;1;1;1;1;1;1;1;1;1;1;1;1;1;1;1;1;1;1;1;1;1;1;1;1;1;1;1;1;1;0;
00247008;1;01/05/2013;1;17,9;255,2;3;26;1;1;1;;0;10,5;15,7;17,9;13,6;11,8;9,4;8,5;8,3;9,2;7,1;10,3;15,7;13,6;11,5;12,9;9,1;9,3;8,9;8,6;7,8;7,2;6,3;6,8;5,9;5,8;3,5;0;0;0;0;0;1;1;1;1;1;1;1;1;1;1;1;1;1;1;1;1;1;1;1;1;1;1;1;1;1;1;1;1;1;1;1;
00247008;1;01/07/2013;1;5,2;29,7;1;12;1;1;1;;0;5,2;3,1;2,5;0;0;0;0;2,9;3,8;1,7;0;0;0;0;0;0;0;0;1,5;2;1,9;1,6;0;0;0;0;0;0;0;1,4;2,1;1;1;1;1;1;1;1;1;1;1;1;1;1;1;1;1;1;1;1;1;1;1;1;1;1;1;1;1;1;1;1;
00247008;1;01/08/2013;1;2,8;43,2;28;24;1;1;1;;0;1,8;1,5;1,3;1,6;1,2;1;0;0;0;0;0;0;0;1,9;1,6;1,8;1,2;1,1;1;2,1;2,6;2,5;2,7;1,9;1,8;1,4;1,2;2,8;2,3;2,7;2,2;1;1;1;1;1;1;1;1;1;1;1;1;1;1;1;1;1;1;1;1;1;1;1;1;1;1;1;1;1;1;1;
00247008;1;01/09/2013;1;1,9;11,6;7;8;1;1;1;;0;0;1,5;1,3;1,2;0;0;1,9;1,7;0;0;1,1;1,4;0;0;0;0;0;0;0;0;0;0;1,5;0;0;0;0;0;0;0;;1;1;1;1;1;1;1;1;1;1;1;1;1;1;1;1;1;1;1;1;1;1;1;1;1;1;1;1;1;1;0;
00247008;1;01/10/2013;1;1,5;2,8;30;2;1;1;1;;0;0;0;0;0;0;0;0;0;0;0;0;0;0;0;0;0;0;0;0;0;0;0;0;0;0;0;0;0;0;1,5;1,3;1;1;1;1;1;1;1;1;1;1;1;1;1;1;1;1;1;1;1;1;1;1;1;1;1;1;1;1;1;1;1;
00247008;1;01/11/2013;1;2,6;38,2;8;20;1;1;1;;0;1,8;1,6;2,5;2,1;2;2,5;2,3;2,6;2;2,2;2,4;2;1,9;1,7;0;1,8;1,3;1,5;0;0;0;0;1,1;1;1,9;0;0;0;0;0;;1;1;1;1;1;1;1;1;1;1;1;1;1;1;1;1;1;1;1;1;1;1;1;1;1;1;1;1;1;1;0;
00247008;1;01/12/2013;1;11;36,7;19;18;1;1;1;;0;0;0;0;0;0;1,2;1,5;1,8;1;0;1,9;1,7;1,3;1,5;1,6;1,9;1,2;1,8;11;1,4;1,5;1,7;1,6;1,1;0;0;0;0;0;0;0;1;1;1;1;1;1;1;1;1;1;1;1;1;1;1;1;1;1;1;1;1;1;1;1;1;1;1;1;1;1;1;
00247008;1;01/01/2014;1;6,5;51,1;11;21;1;1;1;;0;0;0;1;1,3;4;0;0;0;4;5,3;6,5;4,9;2,8;1,5;0;0;0;0;0;1,3;1,8;1,6;2;2,5;2,3;1,9;1,2;1,1;1,4;1,7;1;1;1;1;1;1;1;1;1;1;1;1;1;1;1;1;1;1;1;1;1;1;1;1;1;1;1;1;1;1;1;1;
00247008;1;01/02/2014;1;5,5;108,3;15;28;1;1;1;;0;1,8;1,6;2,9;3,1;3,6;3,2;3;3,5;3,8;3,4;4,1;4,6;4,9;5,1;5,5;5,1;5;4,8;4,5;4,7;4,9;4,6;4;3,8;3,5;3,1;3,2;3;;;;1;1;1;1;1;1;1;1;1;1;1;1;1;1;1;1;1;1;1;1;1;1;1;1;1;1;1;1;0;0;0;
00247008;1;01/03/2014;1;3,6;56,8;28;28;1;1;1;;0;2,1;2;1,8;1,5;1,7;1,6;1,9;1,9;1,9;1,3;1,8;1,5;1,1;0;1,9;0;0;1,8;2,5;2,7;2,5;2,1;2;1,8;1,6;1,3;2,8;3,6;2,9;2,7;2,5;1;1;1;1;1;1;1;1;1;1;1;1;1;1;1;1;1;1;1;1;1;1;1;1;1;1;1;1;1;1;1;
00247008;2;01/01/1995;1;63,2;159,1;11;23;1;2;0;2593,8;2;15,7;0;0;2,7;38,1;21,7;0;32,3;7,6;38,9;63,2;5,1;0;15,1;0;4,1;12,9;5,7;2,9;0;15,7;11,3;0;2,6;11,8;5,1;32;3,9;6,9;31;0;1;1;1;1;1;1;1;1;1;1;1;1;1;1;1;1;1;1;1;1;1;1;1;1;1;1;1;1;1;1;1;
00247008;2;01/02/1995;1;70;595,8;8;23;1;1;0;2593,8;2;4,6;31,6;5,1;57,4;9,2;0;7,9;70;47,8;43;50,4;31;21,1;6,3;0;4,6;22,8;10,1;20,9;0;15,1;18,7;43,7;44;4,5;0;0;26;;;;1;1;1;1;1;1;1;1;1;1;1;1;1;1;1;1;1;1;1;1;1;1;1;1;1;1;1;1;0;0;0;
00247008;2;01/03/1995;1;37,7;414,3;24;23;1;1;0;2593,8;2;1;4,2;26,1;7,2;11,3;0;14;35,7;3,9;12,7;0;0;0;13,9;15,2;0;29,4;0;12,1;30,7;0;28;15,3;37,7;0;12,2;7,1;32,3;34;25,7;4,6;1;1;1;1;1;1;1;1;1;1;1;1;1;1;1;1;1;1;1;1;1;1;1;1;1;1;1;1;1;1;1;
00247008;2;01/04/1995;1;140,7;473,8;10;28;1;1;0;2593,8;2;8,6;0;35,8;0,7;7;18,7;7,5;6,5;1,9;140,7;0;6,2;11,3;14,3;0,5;4,5;41,4;26,7;0,2;5,7;12,7;21,1;6,2;6,5;27;1,6;26,9;4,9;15,2;13,5;;1;1;1;1;1;1;1;1;1;1;1;1;1;1;1;1;1;1;1;1;1;1;1;1;1;1;1;1;1;1;0;
00247008;2;01/05/1995;1;80,6;446,2;21;23;1;1;0;2593,8;2;4,6;4,2;11,9;29,1;34,4;9,7;12,5;25,4;2,6;9,1;0;0;0;0;0;13,7;1,2;11,3;44;0;80,6;11,1;11;0;0,8;0;15,4;8;47,3;39,6;18,7;1;1;1;1;1;1;1;1;1;1;1;1;1;1;1;1;1;1;1;1;1;1;1;1;1;1;1;1;1;1;1;
00247008;2;01/06/1995;1;54,4;78,5;10;7;1;1;0;2593,8;2;6;0;0;0;0;0;0;0;0;54,4;0;0;0;1,8;0;0;0;1,5;0;2,9;0;4,8;0;0;0;0;0;7,1;0;0;;1;1;1;1;1;1;1;1;1;1;1;1;1;1;1;1;1;1;1;1;1;1;1;1;1;1;1;1;1;1;0;
00247008;2;01/07/1995;1;13,9;59,9;19;11;1;1;0;2593,8;2;0;7,8;3,7;3,2;3,4;0;0;0;1,2;11;0;0;0;0;0;1,2;2,8;0;13,9;1,3;0;0;0;0;0;0;10,4;0;0;0;0;1;1;1;1;1;1;1;1;1;1;1;1;1;1;1;1;1;1;1;1;1;1;1;1;1;1;1;1;1;1;1;
00247008;2;01/08/1995;1;21,6;57,7;15;7;1;1;0;2593,8;2;0;0;8,8;5,6;0;0;11,7;0;0;0;0;0;0;0;21,6;7,1;1,8;0;0;0;0;0;0;0;0;0;1,1;0;0;0;0;1;1;1;1;1;1;1;1;1;1;1;1;1;1;1;1;1;1;1;1;1;1;1;1;1;1;1;1;1;1;1;
00247008;2;01/09/1995;1;25,5;45,8;17;3;1;1;0;2593,8;2;0;0;0;0;0;0;0;0;0;0;0;5,9;0;0;0;0;25,5;0;0;0;0;0;0;0;0;14,4;0;0;0;0;;1;1;1;1;1;1;1;1;1;1;1;1;1;1;1;1;1;1;1;1;1;1;1;1;1;1;1;1;1;1;0;
00247008;2;01/10/1995;1;57,8;99,9;20;8;1;1;0;2593,8;2;0;0;3,8;0;1,8;0;0;0;0;0;0;0;0;0;0;0;0;0;3,3;57,8;0;2,6;0;0;0;0;0,9;0;0;5;24,7;1;1;1;1;1;1;1;1;1;1;1;1;1;1;1;1;1;1;1;1;1;1;1;1;1;1;1;1;1;1;1;
00247008;2;01/11/1995;1;12,3;24,9;18;6;1;1;0;2593,8;2;0;0;0;0;0;1;0;0;1,6;0;0;0;0;0;0;0;0;12,3;1,4;0;0;0;0;0;0;1,6;0;0;0;7;;1;1;1;1;1;1;1;1;1;1;1;1;1;1;1;1;1;1;1;1;1;1;1;1;1;1;1;1;1;1;0;
00247008;2;01/12/1995;1;26,6;137,9;11;8;1;1;0;2593,8;2;0;0;0;0;17,4;0;0;0;0;0;26,6;0;0;12,3;0;0;0;0;0;0;0;26;9,1;0;0;0;0;19,5;16,6;0;10,4;1;1;1;1;1;1;1;1;1;1;1;1;1;1;1;1;1;1;1;1;1;1;1;1;1;1;1;1;1;1;1;
00247008;2;01/01/1996;1;69,8;339,3;4;17;1;1;0;2768,7;1;0;0;32,7;69,8;0;3,5;0;3,7;0;0;24,3;17,5;43,7;3,3;0;0,8;0;16,5;14,1;0;9,3;0;1,3;58,7;0;24,4;0;8,9;6,8;0;0;1;1;1;1;1;1;1;1;1;1;1;1;1;1;1;1;1;1;1;1;1;1;1;1;1;1;1;1;1;1;1;
00247008;2;01/02/1996;1;84,2;308,7;19;22;1;1;0;2768,7;1;6,1;7,9;0;0;16,4;4,6;8,9;8,6;0;2,7;2,8;0;0;0,4;4,9;12,1;32,6;7,8;84,2;3,6;11,3;46,7;0;4,1;0;8,4;1,9;31,8;0,9;;;1;1;1;1;1;1;1;1;1;1;1;1;1;1;1;1;1;1;1;1;1;1;1;1;1;1;1;1;1;0;0;
00247008;2;01/03/1996;1;140;544,2;22;25;1;1;0;2768,7;1;36,1;9,1;5,9;35,7;16,5;3,8;5,3;0;0;0;22,1;15,3;11,9;2,1;35,3;26,1;32,1;16,2;0,6;70,5;6,2;140;0;2,4;6,8;3;28,2;0;0;2,3;10,7;1;1;1;1;1;1;1;1;1;1;1;1;1;1;1;1;1;1;1;1;1;1;1;1;1;1;1;1;1;1;1;
00247008;2;01/04/1996;1;146,2;671,5;13;18;1;1;0;2768,7;1;33,9;0;0;11,4;4,4;0;21,1;20,2;39,2;0;0;15,4;146,2;0;0;27,1;29,4;33,6;24,3;35,6;0;0;18,3;6;0;141,3;0;61,6;0;2,5;;1;1;1;1;1;1;1;1;1;1;1;1;1;1;1;1;1;1;1;1;1;1;1;1;1;1;1;1;1;1;0;
00247008;2;01/05/1996;1;48,8;365,9;27;20;1;1;0;2768,7;1;2,6;41,7;0,2;46,3;39,6;21,7;24,3;16,3;0;19,3;26,9;0;12,1;0;0;0;1,1;0;11;0;7,6;0;0;2,8;0;1,5;48,8;4,6;0;9;28,5;1;1;1;1;1;1;1;1;1;1;1;1;1;1;1;1;1;1;1;1;1;1;1;1;1;1;1;1;1;1;1;
00247008;2;01/06/1996;1;24,8;55,4;20;8;1;1;0;2768,7;1;0;18,3;0;3,8;0;2,1;0;0;0;1,1;0;0;0;0;0;0;0;0;0;24,8;2;0;0;2,7;0;0,6;0;0;0;0;;1;1;1;1;1;1;1;1;1;1;1;1;1;1;1;1;1;1;1;1;1;1;1;1;1;1;1;1;1;1;0;
00247008;2;01/07/1996;1;16,4;43,6;1;9;1;1;0;2768,7;1;16,4;2,1;0;0;0;0;0;0;0;0;0;2,9;0;3,1;2,1;5,6;0;0;0;0;0;7,9;0;1,5;0;0;0;0;0;0;2;1;1;1;1;1;1;1;1;1;1;1;1;1;1;1;1;1;1;1;1;1;1;1;1;1;1;1;1;1;1;1;
00247008;2;01/08/1996;1;26,5;97,7;21;12;1;1;0;2768,7;1;0;0;0;0;4,1;0,8;0;0,8;0;9,6;0;0;0;14,3;10,9;0;0;16,1;0,6;0;26,5;0;5,2;0;0;0,7;0;0;0;8,1;0;1;1;1;1;1;1;1;1;1;1;1;1;1;1;1;1;1;1;1;1;1;1;1;1;1;1;1;1;1;1;1;
00247008;2;01/09/1996;1;10,4;62;19;11;1;1;0;2768,7;1;1,8;0;0;0;7,4;0;0;0;1,8;8,8;0;0;0;0;10,2;0;0;0;10,4;0,3;0;0;0;2,6;0,3;0;8,1;10,3;0;0;;1;1;1;1;1;1;1;1;1;1;1;1;1;1;1;1;1;1;1;1;1;1;1;1;1;1;1;1;1;1;0;
00247008;2;01/10/1996;1;18,4;46,6;8;8;1;1;0;2768,7;1;0;1,4;13,2;0;0;0;1,6;18,4;0;0;0;0,8;0;0;0;0;0;0;0;0;3,7;0;0;0;0;0;1,8;0;0;0;5,7;1;1;1;1;1;1;1;1;1;1;1;1;1;1;1;1;1;1;1;1;1;1;1;1;1;1;1;1;1;1;1;
00247008;2;01/11/1996;1;41,9;76;13;9;1;1;0;2768,7;1;1,3;0;0,6;0;0;0;3,7;0;0;0;0;0;41,9;5,5;0,4;0;0;0;0;0;0;7,5;0;4,5;0;0;0;0;0;10,6;;1;1;1;1;1;1;1;1;1;1;1;1;1;1;1;1;1;1;1;1;1;1;1;1;1;1;1;1;1;1;0;
00247008;2;01/12/1996;1;109,3;157,8;12;14;1;1;0;2768,7;1;0;8,2;0;0;0;0;2,9;0;6,3;9,1;0;109,3;0;1,6;0;0;3,1;0,2;0;4,1;0;0,9;0;10,7;0;0;0;0,2;0,5;0,7;0;1;1;1;1;1;1;1;1;1;1;1;1;1;1;1;1;1;1;1;1;1;1;1;1;1;1;1;1;1;1;1;
00247008;2;01/01/1997;1;75,5;310,5;15;25;1;1;0;1865,7;1;22,2;2,8;10,2;2,5;1,1;27,1;0,2;6,2;0,8;0;1,5;8,6;6,7;19,2;75,5;9,2;0;2,1;0;2,8;0;0,9;0,4;9,8;1,2;11,6;10,8;0;0;3,5;73,6;1;1;1;1;1;1;1;1;1;1;1;1;1;1;1;1;1;1;1;1;1;1;1;1;1;1;1;1;1;1;1;
00247008;2;01/02/1997;1;23,1;169,1;15;22;1;1;0;1865,7;1;7,4;16,6;2,8;4,4;0;7,6;6,6;12,6;22,3;6,6;0;13,3;2,3;14,3;23,1;2,3;0;0;1,3;2,2;1,5;1,6;10,5;0;0,5;0;3,1;6,2;;;;1;1;1;1;1;1;1;1;1;1;1;1;1;1;1;1;1;1;1;1;1;1;1;1;1;1;1;1;0;0;0;
00247008;2;01/03/1997;1;62,6;380;17;23;1;1;0;1865,7;1;6,2;0;59,6;0;10,5;1,2;0;1,1;9,1;0;10,6;0;10,8;1,8;31,2;8,2;62,6;0;21,6;0,5;0,9;7,6;0;4,4;32,9;0;33,5;47,2;3,2;9,8;5,5;1;1;1;1;1;1;1;1;1;1;1;1;1;1;1;1;1;1;1;1;1;1;1;1;1;1;1;1;1;1;1;
00247008;2;01/04/1997;1;56,3;346,3;13;22;1;1;0;1865,7;1;2,9;3,2;9,9;0;9,8;4,7;6,7;6,5;40,4;16,9;2,6;31,9;56,3;6,3;0;0,8;0;0;4,6;0;0;0,2;14,5;0;51,4;42,6;0;10,7;19,5;3,9;;1;1;1;1;1;1;1;1;1;1;1;1;1;1;1;1;1;1;1;1;1;1;1;1;1;1;1;1;1;1;0;
00247008;2;01/05/1997;1;53,1;266,6;13;19;1;1;0;1865,7;1;6,1;20,8;15,6;10,8;16,5;13,4;1,7;8,1;26,3;0;0;5,1;53,1;0;1,3;4,8;23,1;0;0;0;5,1;0;0;0;4,3;7,3;7,1;36,1;0;0;0;1;1;1;1;1;1;1;1;1;1;1;1;1;1;1;1;1;1;1;1;1;1;1;1;1;1;1;1;1;1;1;
00247008;2;01/06/1997;1;8,1;18,8;28;5;1;1;0;1865,7;1;0;0;0;1,2;0;0;0;0;0;0;0;7,1;0,1;0;0;0;0;0;0;0;0;0;2,3;0;0;0;0;8,1;0;0;;1;1;1;1;1;1;1;1;1;1;1;1;1;1;1;1;1;1;1;1;1;1;1;1;1;1;1;1;1;1;0;
00247008;2;01/07/1997;1;37,7;45,7;3;5;1;1;0;1865,7;1;0;0;37,7;0;0;0;0;0;1,1;0;0;0;0;0;4,2;0,5;0;0;0;0;2,2;0;0;0;0;0;0;0;0;0;0;1;1;1;1;1;1;1;1;1;1;1;1;1;1;1;1;1;1;1;1;1;1;1;1;1;1;1;1;1;1;1;
00247008;2;01/08/1997;1;22,6;70,3;10;7;1;1;0;1865,7;1;0;0;0;13,3;0;0;0;0;12,6;22,6;11,2;7,6;0;0;0;0;0;0;0;0;0;0;0;0;0;0;0;0;0;0,6;2,4;1;1;1;1;1;1;1;1;1;1;1;1;1;1;1;1;1;1;1;1;1;1;1;1;1;1;1;1;1;1;1;
00247008;2;01/09/1997;1;1,2;2,4;8;3;1;1;0;1865,7;1;0;0;0;0;0;0;0;1,2;0;0;0;0;0;0;0;0;0;0;0;1,1;0;0;0,1;0;0;0;0;0;0;0;;1;1;1;1;1;1;1;1;1;1;1;1;1;1;1;1;1;1;1;1;1;1;1;1;1;1;1;1;1;1;0;
00247008;2;01/10/1997;1;9,1;13;21;3;1;1;0;1865,7;1;0;0;0;0;0;0;0;2,1;0;0;0;0;0;0;0;0;0;0;0;0;9,1;1,8;0;0;0;0;0;0;0;0;0;1;1;1;1;1;1;1;1;1;1;1;1;1;1;1;1;1;1;1;1;1;1;1;1;1;1;1;1;1;1;1;
00247008;2;01/11/1997;1;34,5;132,7;22;8;1;1;0;1865,7;1;0;0;0;3,8;0;0;0;16,9;21,5;0;0;0;0;21,1;0;0;28,2;0;5,9;0;0;34,5;0;0;0,8;0;0;0;0;0;;1;1;1;1;1;1;1;1;1;1;1;1;1;1;1;1;1;1;1;1;1;1;1;1;1;1;1;1;1;1;0;
00247008;2;01/12/1997;1;28,4;110,3;23;13;1;1;0;1865,7;1;0;0;1,8;0;0;0;0;0;0;0;0;6,8;0;0;0;2,4;15,3;8,8;11,8;21,4;0;0;28,4;2,8;1,1;0;1,2;2,4;0;6,1;0;1;1;1;1;1;1;1;1;1;1;1;1;1;1;1;1;1;1;1;1;1;1;1;1;1;1;1;1;1;1;1;
00247008;2;01/01/1998;1;71,4;460,8;17;24;1;1;0;;0;5,2;3,4;0;26,8;0;0;0;45,5;26,5;66,5;6,5;1,5;0;22,2;2,1;3,1;71,4;10,1;12,8;13,3;5,6;13,6;33,3;1,6;44,2;4,5;14,5;0;0;4,4;22,2;1;1;1;1;1;1;1;1;1;1;1;1;1;1;1;1;1;1;1;1;1;1;1;1;1;1;1;1;1;1;1;
00247008;2;01/02/1998;1;27,6;139,1;20;16;1;1;0;;0;5,6;11,8;0;8,2;0;0;0;0;7,4;0;0;1,7;0;0;4,2;0;6,7;4,8;6,7;27,6;5,1;11,3;0;0;8,2;1,6;13,1;15,1;;;;1;1;1;1;1;1;1;1;1;1;1;1;1;1;1;1;1;1;1;1;1;1;1;1;1;1;1;1;0;0;0;
00247008;2;01/03/1998;1;55,2;455,2;10;26;1;1;0;;0;22,3;0;4,4;11,8;17,8;0;10,7;28,8;4,4;55,2;0;0,2;7,3;4,1;4,8;11,5;52,6;18,2;44,6;27,8;8,3;18,8;29,8;0;10,4;3,8;0;7,6;9,1;11,8;29,1;1;1;1;1;1;1;1;1;1;1;1;1;1;1;1;1;1;1;1;1;1;1;1;1;1;1;1;1;1;1;1;
00247008;2;01/04/1998;1;19,8;168,3;22;27;1;1;0;;0;0,9;2,9;2,7;0,6;14,4;1,1;0,5;0;0;10,8;0;14,5;13,9;4,4;3,2;10,8;5,1;4,8;3,4;5,9;6,5;19,8;13,4;1,5;7,8;2,7;3,3;2,3;4,9;6,2;;1;1;1;1;1;1;1;1;1;1;1;1;1;1;1;1;1;1;1;1;1;1;1;1;1;1;1;1;1;1;0;
00247008;2;01/05/1998;1;36,4;240,5;12;23;1;1;0;;0;0;0;10,5;10,8;1,3;0;25,1;0,5;0;6,8;10,3;36,4;0,2;0;2,2;22,2;31,3;11,1;0;23,9;0,2;7,8;3,8;7,6;0;6,7;0,8;0,6;0;10,3;10,1;1;1;1;1;1;1;1;1;1;1;1;1;1;1;1;1;1;1;1;1;1;1;1;1;1;1;1;1;1;1;1;
00247008;2;01/06/1998;1;27,3;119,4;28;17;1;1;0;;0;10,2;15,1;2,1;0;0;0;0;0;5,1;0,2;0;9,7;4,4;7,9;5,8;8,4;3,3;4,6;12,6;1,1;0;0;0,5;0;0;0;1,1;27,3;0;0;;1;1;1;1;1;1;1;1;1;1;1;1;1;1;1;1;1;1;1;1;1;1;1;1;1;1;1;1;1;1;0;
00247008;2;01/07/1998;1;31,9;69,6;19;13;1;1;0;;0;0;0;0;2,4;0;0;6,6;0,4;12,8;0,3;6,6;0;0;0;0,6;0,7;0;0;31,9;0;1,1;0;0;0;0;0;0;0;5,1;0,5;0,6;1;1;1;1;1;1;1;1;1;1;1;1;1;1;1;1;1;1;1;1;1;1;1;1;1;1;1;1;1;1;1;
00247008;2;01/08/1998;1;33,9;74,6;12;7;1;1;0;;0;0,6;0,3;0;0;0;0;0;0;0;0;0;33,9;0;3,9;0;4,3;0;0;0;2,9;0;0;0;0;0;0;0;28,7;0;0;0;1;1;1;1;1;1;1;1;1;1;1;1;1;1;1;1;1;1;1;1;1;1;1;1;1;1;1;1;1;1;1;
00247008;2;01/09/1998;1;27,1;46,5;17;6;1;1;0;;0;5,5;0;0,5;0;0;0;3,2;0;0;0;0;8,5;0;0;0;0;27,1;0;0;0;0;0;0;0;1,7;0;0;0;0;0;;1;1;1;1;1;1;1;1;1;1;1;1;1;1;1;1;1;1;1;1;1;1;1;1;1;1;1;1;1;1;0;
00247008;2;01/10/1998;1;47,5;48;12;2;1;1;0;;0;0;0;0;0;0;0;0;0;0;0;0;47,5;0;0;0;0;0;0;0;0;0,5;0;0;0;0;0;0;0;0;0;0;1;1;1;1;1;1;1;1;1;1;1;1;1;1;1;1;1;1;1;1;1;1;1;1;1;1;1;1;1;1;1;
00247008;2;01/11/1998;1;91,7;292,4;25;11;1;1;0;2433,9;1;8,2;42,2;0;0;0;0;0;0;15,2;1,2;0;0;0;0;19,2;0;0;0;0;0;4,2;0;21,5;0;91,7;61,1;0;15,3;12,6;0;;1;1;1;1;1;1;1;1;1;1;1;1;1;1;1;1;1;1;1;1;1;1;1;1;1;1;1;1;1;1;0;
00247008;2;01/12/1998;1;55,5;318,9;21;17;1;1;0;2433,9;1;3,3;0;0;0;0;0;11,4;0;0;0,2;0;0;0;1,2;38,8;4,5;0;0;0;22,2;55,5;2,7;19,1;0;9,9;26,2;16,8;42,2;41,9;0,8;22,2;1;1;1;1;1;1;1;1;1;1;1;1;1;1;1;1;1;1;1;1;1;1;1;1;1;1;1;1;1;1;1;
00247008;2;01/01/1999;1;91,9;398,3;12;22;1;1;0;3224,7;1;0;0;0;0;0;1,3;12,5;22,6;2,1;10,5;6,6;91,9;0;10,6;62,7;27,6;0;7,7;22,1;41,3;0;19,2;9,7;6,4;2,1;1,1;9,7;11,9;0;14,1;4,6;1;1;1;1;1;1;1;1;1;1;1;1;1;1;1;1;1;1;1;1;1;1;1;1;1;1;1;1;1;1;1;
00247008;2;01/02/1999;1;98,9;500,1;4;23;1;1;0;3224,7;1;0;0;85,9;98,9;2,7;4,5;23,3;0,3;0;18,3;11,1;19,5;28,9;11,7;0;41,3;22,4;31,2;0;2,2;0,4;2,6;31,9;6,4;18,6;10,5;12,9;14,6;;;;1;1;1;1;1;1;1;1;1;1;1;1;1;1;1;1;1;1;1;1;1;1;1;1;1;1;1;1;0;0;0;
00247008;2;01/03/1999;1;98,8;611,3;3;31;1;1;0;3224,7;1;8,6;46,3;98,8;38,2;28,6;4,6;79,5;7,6;11,3;19,1;1,6;5,8;9,3;12,2;2,9;0,5;29,5;11,2;3,7;32,2;14,3;0,3;1,5;1,7;57,8;0,3;33,8;8,3;9,6;31,3;0,9;1;1;1;1;1;1;1;1;1;1;1;1;1;1;1;1;1;1;1;1;1;1;1;1;1;1;1;1;1;1;1;
00247008;2;01/04/1999;1;75,9;484,7;28;28;1;1;0;3224,7;1;38,8;8,2;8,1;16,4;4,7;23,8;0;6,2;6,9;22,7;6,5;23,6;7,3;17,4;6,6;8,8;11,5;16,1;0,8;17,6;19,4;22,8;4,9;32,9;6,2;0,3;39,1;75,9;31,2;0;;1;1;1;1;1;1;1;1;1;1;1;1;1;1;1;1;1;1;1;1;1;1;1;1;1;1;1;1;1;1;0;
00247008;2;01/05/1999;1;81,5;494;19;27;1;1;0;3224,7;1;16,2;57,6;25,1;12,9;11,4;18,2;9,3;7,7;15,6;9,5;53,7;22,3;3,4;24,4;3,1;23,9;4,2;7,9;81,5;6,9;0;3,6;23,6;7,9;23,5;1,3;15,5;0;3,8;0;0;1;1;1;1;1;1;1;1;1;1;1;1;1;1;1;1;1;1;1;1;1;1;1;1;1;1;1;1;1;1;1;
00247008;2;01/06/1999;1;19,7;101,9;12;16;1;1;0;3224,7;1;0;12,1;0,2;0;6,6;4,2;8,2;1,5;1,3;0;2,1;19,7;3,5;0;0;0;0;0;5,8;0;1,1;0;7,6;1,4;0;0;7,9;18,7;0;0;;1;1;1;1;1;1;1;1;1;1;1;1;1;1;1;1;1;1;1;1;1;1;1;1;1;1;1;1;1;1;0;
00247008;2;01/07/1999;1;14,4;52,5;20;10;1;1;0;3224,7;1;8,2;0;0,6;0;0;0,5;0;0;4,7;0;0;0;0;0;0;0;0,6;0;6,6;14,4;0;0;0;0;0;3,5;0,8;0;12,6;0;0;1;1;1;1;1;1;1;1;1;1;1;1;1;1;1;1;1;1;1;1;1;1;1;1;1;1;1;1;1;1;1;
00247008;2;01/08/1999;1;10,5;24,4;6;6;1;1;0;3224,7;1;0;0;0;0;0,2;10,5;0;0;0;0;0;0;0;0;0;0;5,1;2,5;0;0;0;0;0;0;0;0;1,8;4,3;0;0;0;1;1;1;1;1;1;1;1;1;1;1;1;1;1;1;1;1;1;1;1;1;1;1;1;1;1;1;1;1;1;1;
00247008;2;01/09/1999;1;44,2;176,4;20;10;1;1;0;3224,7;1;3,3;0;0;0;0;0;0;0;0;0;0;0;0;15,9;0;19,6;0;0;13,3;44,2;27,9;15,3;15,1;0;0;9,1;0;12,7;0;0;;1;1;1;1;1;1;1;1;1;1;1;1;1;1;1;1;1;1;1;1;1;1;1;1;1;1;1;1;1;1;0;
00247008;2;01/10/1999;1;21,7;66,6;26;11;1;1;0;3224,7;1;0;0;0;5,1;0,3;0;0;0;0;0;0;3,8;0;0;0,2;1,9;7,5;0;0;0;0;4,6;11,1;0;0;21,7;6,5;0;0;0;3,9;1;1;1;1;1;1;1;1;1;1;1;1;1;1;1;1;1;1;1;1;1;1;1;1;1;1;1;1;1;1;1;
00247008;2;01/11/1999;1;36,3;144,1;29;10;1;1;0;3224,7;1;4,2;25,2;0;0;0;0;0;0;0;0;0;0;1,6;0;10,9;2,8;0;0;0;5,9;0;0;0;0;0;0;13,3;33,4;36,3;10,5;;1;1;1;1;1;1;1;1;1;1;1;1;1;1;1;1;1;1;1;1;1;1;1;1;1;1;1;1;1;1;0;
00247008;2;01/12/1999;1;44,3;170,4;19;15;1;1;0;3224,7;1;0;0;0;5,2;1,7;0;0;0;0;9,8;5,5;36,9;0,4;0;0;0;0;22,3;44,3;0;0;0;3,5;0,4;0;0;6,7;6,6;1,7;4,1;21,3;1;1;1;1;1;1;1;1;1;1;1;1;1;1;1;1;1;1;1;1;1;1;1;1;1;1;1;1;1;1;1;
00247008;2;01/01/2000;1;54,7;337,8;7;23;1;1;0;;0;0;36,1;0,5;0,8;2,2;0;54,7;22,2;24,2;0;21,7;21,8;28,2;2,3;41,1;2,4;2,5;14,3;14,7;4,8;8,5;17,6;8,5;2,7;3,9;0;0;0;2,1;0;0;1;1;1;1;1;1;1;1;1;1;1;1;1;1;1;1;1;1;1;1;1;1;1;1;1;1;1;1;1;1;1;
00247008;2;01/02/2000;1;42,4;278,9;28;23;1;1;0;;0;3,5;34,2;23,7;0;3,7;3,9;0;31,4;11,2;8,9;1,6;2,2;3,8;22,7;22,3;0;0;2,7;3,2;0;2,4;4,3;2,2;1,9;0;12,3;3,8;42,4;30,6;;;1;1;1;1;1;1;1;1;1;1;1;1;1;1;1;1;1;1;1;1;1;1;1;1;1;1;1;1;1;0;0;
00247008;2;01/03/2000;1;57,5;336,4;13;28;1;1;0;;0;13,8;0;2;29;2,1;35,5;32,2;7,9;0,3;19;1,5;0;57,5;16,5;25,6;5,2;0,8;8,9;1,9;5,6;0,8;13,1;2,8;4,4;3,4;9,6;5,5;22,9;0,2;8,4;0;1;1;1;1;1;1;1;1;1;1;1;1;1;1;1;1;1;1;1;1;1;1;1;1;1;1;1;1;1;1;1;
00247008;2;01/04/2000;1;63,1;363,9;16;26;1;1;0;;0;9,5;7,4;10,5;27,4;18,5;7,2;30,5;7,4;24,4;3,2;35;14,2;12;0,1;0;63,1;0;7,8;18,5;5,6;13,4;16,2;9,7;5,9;4,1;0;2,1;4;0;6,2;;1;1;1;1;1;1;1;1;1;1;1;1;1;1;1;1;1;1;1;1;1;1;1;1;1;1;1;1;1;1;0;
00247008;2;01/05/2000;1;40,4;297,6;18;25;1;1;0;;0;15,7;1,8;5,1;8,8;5,5;12,9;6,9;10,5;11,2;2,1;2,4;5,2;34,7;14;34;31,3;4,8;40,4;17,6;0;1,7;9,8;0;11,3;0,4;0;0;1,7;0;0;7,8;1;1;1;1;1;1;1;1;1;1;1;1;1;1;1;1;1;1;1;1;1;1;1;1;1;1;1;1;1;1;1;
00247008;2;01/06/2000;1;37,2;154,3;2;18;1;1;0;;0;3,7;37,2;0;3,1;0,3;0;0;0;29,2;0;0;0;14,6;0;10,7;0,6;14;0,9;11,6;12,7;0;2,1;0,3;1,1;5,7;0;0;0;2,8;3,7;;1;1;1;1;1;1;1;1;1;1;1;1;1;1;1;1;1;1;1;1;1;1;1;1;1;1;1;1;1;1;0;
00247008;2;01/07/2000;1;53,7;218,3;28;22;1;1;0;;0;0,5;0,4;0,3;21;0,2;5,4;0;0,9;0;0,8;6;5,7;7,9;0;46,3;2,3;0;0,1;0,2;26,7;0;4,1;4,6;0;0;0;0;53,7;6,7;24,4;0,1;1;1;1;1;1;1;1;1;1;1;1;1;1;1;1;1;1;1;1;1;1;1;1;1;1;1;1;1;1;1;1;
00247008;2;01/08/2000;1;34,8;97,4;4;11;1;1;0;;0;0;0;0,9;34,8;17,3;0;0;2,4;7,4;0;0;0;0;0;0;14,5;0;5,3;5,6;0;1,2;3,1;0;0;4,9;0;0;0;0;0;0;1;1;1;1;1;1;1;1;1;1;1;1;1;1;1;1;1;1;1;1;1;1;1;1;1;1;1;1;1;1;1;
00247008;2;01/09/2000;1;39,3;137,7;20;11;1;1;1;;0;0;0;0;0;0;0;0;0;0;16,5;0;0;0;23,1;0,8;0;0;0;0;39,3;0;2,3;0;1,2;0;32,1;3;8,2;2,5;8,7;;1;1;1;1;1;1;1;1;1;1;1;1;1;1;1;1;1;1;1;1;1;1;1;1;1;1;1;1;1;1;0;
00247008;2;01/10/2000;1;27,1;45,8;18;9;1;1;1;;0;0,4;0;2,1;0;3,6;0,7;0;1,1;0;0;0;0;2,1;0;0;0;3,6;27,1;5,1;0;0;0;0;0;0;0;0;0;0;0;0;1;1;1;1;1;1;1;1;1;1;1;1;1;1;1;1;1;1;1;1;1;1;1;1;1;1;1;1;1;1;1;
00247008;2;01/11/2000;1;25,5;26,2;11;3;1;1;1;;0;0;0;0;0;0,4;0;0;0;0;0;25,5;0;0;0;0;0;0;0;0;0;0;0,3;0;0;0;0;0;0;0;0;;1;1;1;1;1;1;1;1;1;1;1;1;1;1;1;1;1;1;1;1;1;1;1;1;1;1;1;1;1;1;0;
00247008;2;01/12/2000;1;31,2;202,4;24;14;1;1;1;;0;0;0;0;0;0;0;0;0;0;0;0;0;0;9,8;13,2;23,2;14,2;26,3;0,4;0,3;0;15,5;18,6;31,2;0;2,3;0;21,3;0,8;0;25,3;1;1;1;1;1;1;1;1;1;1;1;1;1;1;1;1;1;1;1;1;1;1;1;1;1;1;1;1;1;1;1;
00247008;2;01/01/2001;1;64;556,4;13;27;1;1;1;;0;9,8;0,3;0,8;9,5;61,5;53;0;2,5;7,3;16,7;25,6;11,2;64;9,7;0;17,1;26,4;11,2;41,5;0;38,5;47,8;15,8;5,3;10;3,1;36,5;0;9,7;10,3;11,3;1;1;1;1;1;1;1;1;1;1;1;1;1;1;1;1;1;1;1;1;1;1;1;1;1;1;1;1;1;1;1;
00247008;2;01/02/2001;1;99,6;579,6;16;24;1;1;1;;0;2,3;36,2;9,5;26,4;6,1;42;11,9;5;2,8;35,7;96;12,1;42,4;26,1;0;99,6;29,8;0;7;32,4;14,1;0,8;2,6;2,3;26,3;10,2;0;0;;;;1;1;1;1;1;1;1;1;1;1;1;1;1;1;1;1;1;1;1;1;1;1;1;1;1;1;1;1;0;0;0;
00247008;2;01/03/2001;1;83,9;571,7;2;27;1;1;1;;0;21,5;83,9;42,7;11,8;18,2;21,4;8,7;12,6;1,8;21,3;10,5;0;57,5;21,7;0,8;1,4;45,7;0;5,3;0;36,2;0;5,4;19,8;4,5;8,9;21,3;28;1,4;58,6;0,8;1;1;1;1;1;1;1;1;1;1;1;1;1;1;1;1;1;1;1;1;1;1;1;1;1;1;1;1;1;1;1;
00247008;2;01/04/2001;1;73,6;547,1;3;24;1;1;1;;0;2,4;73;73,6;43,1;8,3;22,5;5,6;32;16,9;22,7;12,7;5,3;0;15,1;22,6;32,3;0;10,3;5,1;0;37,7;0;38,2;0,2;3,4;0;0;56,5;4,1;3,5;;1;1;1;1;1;1;1;1;1;1;1;1;1;1;1;1;1;1;1;1;1;1;1;1;1;1;1;1;1;1;0;
00247008;2;01/05/2001;1;52,3;286,1;5;19;1;1;1;;0;27,3;3,9;11,6;4,5;52,3;32,1;5,6;0,7;0;0;44,1;16,5;5,6;0,1;0;10,4;0;0;8,2;0;0;0;6,3;0;5,8;15,3;21,4;0;0;14,4;0;1;1;1;1;1;1;1;1;1;1;1;1;1;1;1;1;1;1;1;1;1;1;1;1;1;1;1;1;1;1;1;
00247008;2;01/06/2001;1;57,9;307,9;15;26;1;1;1;;0;27,3;4,1;6,2;2,3;23,5;16,8;13,1;2,6;8,5;0,9;14,5;0;0;4,3;57,9;4,2;0,1;0;2,4;1,1;0,1;0;3,9;55,8;7,4;6,7;0,8;3,6;26,7;13,1;;1;1;1;1;1;1;1;1;1;1;1;1;1;1;1;1;1;1;1;1;1;1;1;1;1;1;1;1;1;1;0;
00247008;2;01/07/2001;1;36,2;161,9;15;20;1;1;1;;0;0;1,3;2,5;18,9;2,7;0;0;0;0;2,8;0;5,3;0;3,1;36,2;5,3;7,1;3,2;6,4;0;3,1;25,3;16,1;0,2;6,2;4,1;0;5,3;0;0;6,8;1;1;1;1;1;1;1;1;1;1;1;1;1;1;1;1;1;1;1;1;1;1;1;1;1;1;1;1;1;1;1;
00247008;2;01/08/2001;1;;5;;;0;2;0;;0;;;;;;;;;;;;;;;;;;;;;;;;;;;;;;;;0;0;0;0;0;0;0;0;0;0;0;0;0;0;0;0;0;0;0;0;0;0;0;0;0;0;0;0;0;0;0;
00247008;2;01/09/2001;1;;73,4;;;0;2;0;;0;;;;;;;;;;;;;;;;;;;;;;;;;;;;;;;;0;0;0;0;0;0;0;0;0;0;0;0;0;0;0;0;0;0;0;0;0;0;0;0;0;0;0;0;0;0;0;
00247008;2;01/10/2001;1;;81,4;;;0;2;0;;0;;;;;;;;;;;;;;;;;;;;;;;;;;;;;;;;0;0;0;0;0;0;0;0;0;0;0;0;0;0;0;0;0;0;0;0;0;0;0;0;0;0;0;0;0;0;0;
00247008;2;01/11/2001;1;;59,2;;;0;2;0;;0;;;;;;;;;;;;;;;;;;;;;;;;;;;;;;;;0;0;0;0;0;0;0;0;0;0;0;0;0;0;0;0;0;0;0;0;0;0;0;0;0;0;0;0;0;0;0;
00247008;2;01/12/2001;1;;136,1;;;0;2;0;;0;;;;;;;;;;;;;;;;;;;;;;;;;;;;;;;;0;0;0;0;0;0;0;0;0;0;0;0;0;0;0;0;0;0;0;0;0;0;0;0;0;0;0;0;0;0;0;
00247008;2;01/06/2002;1;1,8;1,8;28;1;1;1;1;;0;;;;;;;;;;;;;;;;;;;;;;;;;;;;1,8;0;0;;0;0;0;0;0;0;0;0;0;0;0;0;0;0;0;0;0;0;0;0;0;0;0;0;0;0;0;4;1;1;0;
00247008;2;01/07/2002;1;7,8;36,8;25;15;1;1;1;;0;0,9;1;2,4;0;0;0;0;0;0;0;0;3,3;2,1;1;1;0,2;0,3;0;0,4;0;3,8;0;0;0;7,8;1,2;0;0;7,8;3,6;0;1;1;1;1;1;1;1;1;1;1;1;1;1;1;1;1;1;1;1;1;1;1;1;1;1;1;1;1;1;1;1;
00247008;2;01/08/2002;1;6;17,9;5;10;1;1;1;;0;0;0,4;0;0,3;6;0;0;0;0;0;2,4;0;0;0;0;0;0;0,1;0;0;0,6;0,6;0;5,1;0;0;0;2,2;0,2;0;0;1;1;1;1;1;1;1;1;1;1;1;1;1;1;1;1;1;1;1;1;1;1;1;1;1;1;1;1;1;1;1;
00247008;2;01/09/2002;1;5,5;13,6;6;7;1;1;1;;0;0;0;0;0;1;5,5;0,6;0;0;0;0;0;0;1,2;0;0;0;0;3,1;0,2;0;0;0;0;0;0;0;0;0;2;;1;1;1;1;1;1;1;1;1;1;1;1;1;1;1;1;1;1;1;1;1;1;1;1;1;1;1;1;1;1;0;
00247008;2;01/10/2002;1;8;23,7;2;7;1;1;1;;0;0;8;0;0;0;0;0,3;0;0,3;0;0;2,3;3,6;4,4;0;0;0;0;4,8;0;0;0;0;0;0;0;0;0;0;0;0;1;1;1;1;1;1;1;1;1;1;1;1;1;1;1;1;1;1;1;1;1;1;1;1;1;1;1;1;1;1;1;
00247008;2;01/11/2002;1;6,7;24,3;12;9;1;1;1;;0;0;0;0;0;0;0;0;0;2,5;1;1;6,7;0;1;1;2,4;0;4;0;0;0;0;0;0;0;4,7;0;0;0;0;;1;1;1;1;1;1;1;1;1;1;1;1;1;1;1;1;1;1;1;1;1;1;1;1;1;1;1;1;1;1;0;
00247008;2;01/12/2002;1;8,7;40,7;27;17;1;1;1;;0;0;0;0;0,4;0;0;0;1,4;0;1,4;7,4;1,6;0;0;2,7;0,3;0;1;1;8;0;1,3;1;0,2;1;1;8,7;0;0;0;2,3;1;1;1;1;1;1;1;1;1;1;1;1;1;1;1;1;1;1;1;1;1;1;1;1;1;1;1;1;1;1;1;
00247008;2;01/01/2003;1;9;46,7;25;18;1;1;1;;0;0;0;0,4;1,8;0;0;0;0;1,7;0,4;8,8;0;0;0;0;0;0;0,4;1,4;1;1;2,7;0,9;6,6;9;0,3;0;1;1;0,5;7,8;1;1;1;1;1;1;1;1;1;1;1;1;1;1;1;1;1;1;1;1;1;1;1;1;1;1;1;1;1;1;1;
00247008;2;01/02/2003;1;9,8;80,9;2;28;1;1;1;;0;1;9,8;1;1;8,7;1,6;3,2;5,8;1;2;1;1;1;8;0,1;2,1;6;1;7,1;1;1,6;1;1;6,9;2,6;2,4;1;1;;;;1;1;1;1;1;1;1;1;1;1;1;1;1;1;1;1;1;1;1;1;1;1;1;1;1;1;1;1;0;0;0;
00247008;2;01/03/2003;1;;568,1;;;0;2;0;;0;;;;;;;;;;;;;;;;21,1;13,7;5,6;27,7;0,3;36,6;1,1;48,6;0,6;1,9;2,8;30,2;7,5;40,7;30,6;50,7;0;0;0;0;0;0;0;0;0;0;0;0;0;0;0;1;1;1;1;1;1;1;1;1;1;1;1;1;1;1;1;
00247008;2;01/04/2003;1;60,5;440,5;5;29;1;1;1;;0;2,1;4,3;9,6;40,4;60,5;30,4;4,6;2,8;1,2;38,1;26,6;0,4;4,7;30,5;6,3;6,7;0;3,8;4,2;5,5;26,6;4,6;2,5;6;4,2;36,8;50,3;22,6;2,4;1,8;;1;1;1;1;1;1;1;1;1;1;1;1;1;1;1;1;1;1;1;1;1;1;1;1;1;1;1;1;1;1;0;
00247008;2;01/05/2003;1;62,2;418;17;27;1;1;1;;0;22,3;56,3;22,6;42,1;39,2;23,2;1,3;0;3,2;27,2;32,6;3;1,2;0,7;0,3;32,4;62,2;4,2;0;3,1;1,4;3,1;0,5;0;1,5;23,1;9,3;0,1;0;1,5;0,4;1;1;1;1;1;1;1;1;1;1;1;1;1;1;1;1;1;1;1;1;1;1;1;1;1;1;1;1;1;1;1;
00247008;2;01/06/2003;1;26,5;155,2;18;26;1;1;1;;0;2;2,7;24,6;5,2;23,7;5,5;0;0,7;0,2;0,4;0;2,3;6,3;1;25,2;7,6;3,4;26,5;0,7;0,6;9,5;1,1;1,2;3;0,4;0,7;0,1;0,6;0;0;;1;1;1;1;1;1;1;1;1;1;1;1;1;1;1;1;1;1;1;1;1;1;1;1;1;1;1;1;1;1;0;
00247008;2;01/07/2003;1;36,7;143,1;4;26;1;1;1;;0;0;15,1;1,6;36,7;8;0,1;3,5;0,4;0;2,2;0;6,2;9,3;6,2;4,3;3,2;0;6,2;5,1;0,9;6,7;4,6;1,5;3;0,1;7,2;0,8;6,6;0;0,6;3;1;1;1;1;1;1;1;1;1;1;1;1;1;1;1;1;1;1;1;1;1;1;1;1;1;1;1;1;1;1;1;
00247008;2;01/08/2003;1;27,7;142,5;19;31;1;1;1;;0;4,6;6,1;3,9;1,3;1,6;6;6,6;4,7;3,4;1,3;0,9;0,5;3,6;0,7;2,6;6,3;4,9;3,6;27,7;6,1;4,2;9,6;1,2;5,5;6,7;3,6;6,2;0,3;6,7;0,5;1,6;1;1;1;1;1;1;1;1;1;1;1;1;1;1;1;1;1;1;1;1;1;1;1;1;1;1;1;1;1;1;1;
00247008;2;01/09/2003;1;24,6;115;21;30;1;1;1;;0;8,5;2,2;3,6;6,1;1,7;0,3;6;0,3;1,6;2,2;3,1;7,7;1,2;1,7;2,8;1,4;5,1;6,6;3,3;1,1;24,6;0,3;6,1;4,6;1,2;2,6;1,8;4,3;0,7;2,3;;1;1;1;1;1;1;1;1;1;1;1;1;1;1;1;1;1;1;1;1;1;1;1;1;1;1;1;1;1;1;0;
00247008;2;01/10/2003;1;16,2;123,4;26;31;1;1;1;;0;0,3;1,2;3,2;2,3;1,1;6,1;1,4;3,8;2,2;2,9;1,7;6,2;4,3;1,9;6;7;0,9;0,6;5,8;4,2;3,4;5,4;6,3;2;1,3;16,2;0,5;3;4,4;9,7;8,1;1;1;1;1;1;1;1;1;1;1;1;1;1;1;1;1;1;1;1;1;1;1;1;1;1;1;1;1;1;1;1;
00247008;2;01/11/2003;1;21,6;129,1;30;30;1;1;1;;0;12,8;0,3;2,3;3,6;2,2;1,1;1,4;1,9;0,5;3,2;3,8;2,9;0,5;1,7;0,2;0,9;9,9;9,7;2,2;7,6;9,5;6,9;3,3;4,1;1,1;2;1,6;4;6,3;21,6;;1;1;1;1;1;1;1;1;1;1;1;1;1;1;1;1;1;1;1;1;1;1;1;1;1;1;1;1;1;1;0;
00247008;2;01/12/2003;1;43,2;236,2;19;31;1;1;1;;0;7,5;5;3,8;1,2;29,7;4,3;2,3;1,9;0,6;3,2;4;5,2;4,7;21,1;1,7;1,6;5,5;3,9;43,2;24;2,4;4,4;6,2;0,8;2,2;3,4;9,4;9,4;21,2;0,6;1,8;1;1;1;1;1;1;1;1;1;1;1;1;1;1;1;1;1;1;1;1;1;1;1;1;1;1;1;1;1;1;1;
00247008;2;01/01/2004;1;98,5;587,2;29;31;1;1;1;;0;9,2;7,7;33,6;0,9;26,9;0,5;1,6;4,2;3;2,1;15,9;15,5;2,9;0,9;66,9;0,5;49,6;24;9,3;7,4;6,6;6,4;1,8;62;31,2;18,5;1,1;3,7;98,5;69;5,8;1;1;1;1;1;1;1;1;1;1;1;1;1;1;1;1;1;1;1;1;1;1;1;1;1;1;1;1;1;1;1;
00247008;2;01/02/2004;1;62,4;510,6;14;29;1;1;1;;0;4,3;6,6;2,1;3,2;5,7;36,4;14,7;4,6;13,6;1,7;32,2;16,2;8,1;62,4;16,1;7,7;41,4;28,2;13,3;5,1;36;27,6;39,2;52,4;9,3;7,5;2,1;11,5;1,4;;;1;1;1;1;1;1;1;1;1;1;1;1;1;1;1;1;1;1;1;1;1;1;1;1;1;1;1;1;1;0;0;
00247008;2;01/03/2004;1;66;605,8;1;31;1;1;1;;0;66;17,7;0,9;28,6;9,1;23;36,4;9,4;32,7;25,9;26,1;4,6;1;4,1;1,8;0,7;11,8;9,4;38,8;26,5;22,9;3,7;4,1;41,5;7,2;24,4;31,1;43,2;31,2;14,1;7,9;1;1;1;1;1;1;1;1;1;1;1;1;1;1;1;1;1;1;1;1;1;1;1;1;1;1;1;1;1;1;1;
00247008;2;01/04/2004;1;56;427,3;2;30;1;1;1;;0;9,6;56;6;3,4;4,4;38,4;26,6;34,6;39,1;2,8;4,8;1,4;9,5;2,2;4,6;9,2;17,6;0,4;2,6;14;12,9;9;24,6;31,6;26,2;26,7;7,4;0,3;1,2;0,2;;1;1;1;1;1;1;1;1;1;1;1;1;1;1;1;1;1;1;1;1;1;1;1;1;1;1;1;1;1;1;0;
00247008;2;01/05/2004;1;57,8;259,5;9;31;1;1;1;;0;9,7;8,6;1,3;8,7;7,7;9,5;17,2;22;57,8;6,3;13,7;0,2;1,4;9,4;1,2;3,6;4,4;0,5;0,6;2,2;16,6;1,5;5;9,4;1,2;6,6;3,8;7,5;4,1;4,2;13,6;1;1;1;1;1;1;1;1;1;1;1;1;1;1;1;1;1;1;1;1;1;1;1;1;1;1;1;1;1;1;1;
00247008;2;01/06/2004;1;16,9;162,7;1;27;1;1;1;;0;16,9;1,4;0;0;3,2;4,7;1,9;9,3;8,8;6,2;3;7,7;0;5;6,9;0,5;7;4;9,5;1,8;2,4;5,5;7,2;9;14,2;2;1,5;7,9;5,5;9,7;;1;1;1;1;1;1;1;1;1;1;1;1;1;1;1;1;1;1;1;1;1;1;1;1;1;1;1;1;1;1;0;
00247008;2;01/07/2004;1;26;148,8;13;24;1;1;1;;0;0;0;5,5;1;9,6;0;0,6;7,7;1,3;2,2;8,1;8,8;26;0;7,6;3,4;1,6;0,4;6,6;12;5,1;1,4;0;16,6;0,6;1,1;0;9,8;7,5;4,3;0;1;1;1;1;1;1;1;1;1;1;1;1;1;1;1;1;1;1;1;1;1;1;1;1;1;1;1;1;1;1;1;
00247008;2;01/08/2004;1;19,8;134,7;11;20;1;1;1;;0;0;0;0;0;0;1,2;6,6;0,9;0;3,1;19,8;0,2;19,5;5,6;3,6;1,7;0;0;0,8;9;0;4,4;2,6;0,5;13,8;3,2;8,5;0;0;18;11,7;1;1;1;1;1;1;1;1;1;1;1;1;1;1;1;1;1;1;1;1;1;1;1;1;1;1;1;1;1;1;1;
00247008;2;01/09/2004;1;39,2;125,9;27;16;1;1;1;;0;11,6;3,4;0;0;0;8,9;1,7;2,1;0;11,4;1,2;2,8;4;6,3;0;7,3;0;0;0;0;0;0;1,8;0;0;21,6;39,2;0,3;2,3;0;;1;1;1;1;1;1;1;1;1;1;1;1;1;1;1;1;1;1;1;1;1;1;1;1;1;1;1;1;1;1;0;
00247008;2;01/10/2004;1;26,1;96,6;7;15;1;1;1;;0;0;0;12,7;2,4;0;3,1;26,1;4,4;0;0;0;0;0;0;0;0,5;1,4;2,5;1,3;11,6;0;0;0;0,9;0;0;7,9;12,2;1,5;8,1;0;1;1;1;1;1;1;1;1;1;1;1;1;1;1;1;1;1;1;1;1;1;1;1;1;1;1;1;1;1;1;1;
00247008;2;01/11/2004;1;25,9;31,6;16;4;1;1;1;;0;0;0,8;0;0;0,7;0;0;0;0;0;0;0;0;0;0;25,9;0;4,2;0;0;0;0;0;0;0;0;0;0;0;0;;1;1;1;1;1;1;1;1;1;1;1;1;1;1;1;1;1;1;1;1;1;1;1;1;1;1;1;1;1;1;0;
00247008;2;01/12/2004;1;44,9;288,4;2;18;1;1;1;;0;0;44,9;2,7;0;0;0;0;28,1;32,2;0;17,1;0;0;2,6;0;0;0;0;0;12,7;22,2;1,6;9,3;15;21,1;13,3;19;0,8;7,7;31,7;6,4;1;1;1;1;1;1;1;1;1;1;1;1;1;1;1;1;1;1;1;1;1;1;1;1;1;1;1;1;1;1;1;
00247008;2;01/01/2005;1;68,5;349,3;22;19;1;1;1;;0;0;0;0;23,3;9,6;25,1;3,5;8,3;3,2;0,5;7,9;0,2;0;0;0;32,1;6,3;7,7;48,3;0;4,1;68,5;5,7;0;23;47,6;24,4;0;0;0;0;1;1;1;1;1;1;1;1;1;1;1;1;1;1;1;1;1;1;1;1;1;1;1;1;1;1;1;1;1;1;1;
00247008;2;01/02/2005;1;45,7;461,1;19;23;1;1;1;;0;15,1;12,1;0;15;39,3;18,4;38;39,5;6,6;21,7;0;0;4,2;8,4;9,4;28,4;8;37,2;45,7;1,4;3;19,2;0;15,2;0;31,2;5;39,1;;;;1;1;1;1;1;1;1;1;1;1;1;1;1;1;1;1;1;1;1;1;1;1;1;1;1;1;1;1;0;0;0;
00247008;2;01/03/2005;1;62,6;463,2;20;23;1;1;1;;0;15,2;1,6;0;11,3;36;0;0;26,4;38,5;0,4;0;12;3,1;37,8;29,1;2,1;3,1;16,1;39,4;62,6;1,4;0;0;0;0,2;0;19;29,5;32;7,5;38,9;1;1;1;1;1;1;1;1;1;1;1;1;1;1;1;1;1;1;1;1;1;1;1;1;1;1;1;1;1;1;1;
00247008;2;01/04/2005;1;95;452,6;25;21;1;1;1;;0;0;5;38,5;0;0;38,2;19,7;14,5;2,6;62,8;2,3;0;3,6;23,6;8;9,1;8,9;3,3;2,7;0;17,1;6,5;0;16;95;0;0;39,2;36;0;;1;1;1;1;1;1;1;1;1;1;1;1;1;1;1;1;1;1;1;1;1;1;1;1;1;1;1;1;1;1;0;
00247008;2;01/05/2005;1;86,9;428,9;23;17;1;1;1;;0;0;0;42;36,5;46;15;0;0;4,7;0;0;0;8,1;6,9;3,3;31,3;0;0;0;22,8;0;43,1;86,9;27,7;6,2;3,2;11,7;0;33,5;0;0;1;1;1;1;1;1;1;1;1;1;1;1;1;1;1;1;1;1;1;1;1;1;1;1;1;1;1;1;1;1;1;
